52
0 1 10000 2
0.0 8705.0 4530.0 7561.0 1368.0 1242.0 5123.0 3806.0 2876.0 2152.0 9778.0 3579.0 4649.0 1660.0 924.0 926.0 2438.0 1183.0 2330.0 5293.0 6704.0 1655.0 3425.0 7896.0 5696.0 3200.0 4551.0 269.0 5371.0 7143.0 4712.0 3594.0 439.0 2751.0 4262.0 5374.0 2098.0 6313.0 1146.0 1997.0 5464.0 2042.0 1902.0 3150.0 2495.0 9522.0 6328.0 628.0 9507.0 6737.0 6278.0 747.0
8705.0 0.0 4740.0 3253.0 7563.0 4216.0 4083.0 4112.0 4416.0 7776.0 4336.0 3998.0 6565.0 1879.0 2634.0 1081.0 9459.0 9794.0 182.0 5944.0 9052.0 2263.0 3275.0 8357.0 5496.0 4112.0 648.0 6706.0 9276.0 3265.0 7526.0 5015.0 5433.0 6490.0 3625.0 6535.0 7966.0 7620.0 6174.0 7741.0 3786.0 9894.0 6252.0 1712.0 2674.0 4.0 899.0 9350.0 1965.0 6383.0 7256.0 3129.0
4530.0 4740.0 0.0 2257.0 7340.0 93.0 7317.0 4318.0 3524.0 1762.0 3710.0 664.0 2580.0 5212.0 3860.0 58.0 2155.0 6584.0 4677.0 3479.0 7245.0 2963.0 90.0 1474.0 4614.0 4544.0 7541.0 4001.0 9037.0 6415.0 2154.0 7712.0 2164.0 4233.0 965.0 2145.0 6922.0 8109.0 9390.0 2537.0 1509.0 1063.0 5270.0 2096.0 1330.0 8642.0 3710.0 4142.0 2000.0 1333.0 1043.0 5694.0
7561.0 3253.0 2257.0 0.0 7324.0 7925.0 6625.0 7908.0 5256.0 3042.0 9475.0 6873.0 6374.0 1885.0 3000.0 3191.0 7689.0 4473.0 4692.0 54.0 5357.0 1661.0 6673.0 9690.0 2791.0 1855.0 8347.0 3347.0 826.0 5052.0 1559.0 2581.0 7304.0 2182.0 7370.0 6460.0 3632.0 3507.0 7007.0 3349.0 8339.0 7595.0 7240.0 2085.0 782.0 2377.0 7840.0 705.0 3430.0 993.0 3456.0 40.0
1368.0 7563.0 7340.0 7324.0 0.0 6382.0 3219.0 3222.0 7806.0 1727.0 7828.0 7265.0 3576.0 1381.0 6101.0 9434.0 2814.0 5701.0 6082.0 5164.0 5776.0 5894.0 7177.0 2437.0 6691.0 6687.0 5114.0 8746.0 7719.0 2853.0 9210.0 8949.0 1904.0 7661.0 4008.0 8705.0 1374.0 3742.0 5300.0 3860.0 6108.0 3922.0 1648.0 7972.0 7434.0 1548.0 6649.0 8958.0 5971.0 606.0 1497.0 4054.0
1242.0 4216.0 93.0 7925.0 6382.0 0.0 6899.0 9185.0 9006.0 9053.0 6644.0 9769.0 9053.0 4571.0 258.0 5219.0 829.0 7501.0 1662.0 3513.0 2680.0 2998.0 1310.0 3612.0 165.0 490.0 3934.0 2821.0 8299.0 5896.0 8419.0 7862.0 243.0 5145.0 9926.0 6421.0 3647.0 5750.0 3008.0 6387.0 5668.0 985.0 6266.0 9916.0 9054.0 5316.0 1714.0 368.0 7481.0 6823.0 4318.0 6055.0
5123.0 4083.0 7317.0 6625.0 3219.0 6899.0 0.0 9705.0 8426.0 3848.0 197.0 6967.0 3150.0 3085.0 4370.0 7069.0 7641.0 5478.0 889.0 3817.0 2870.0 120.0 2934.0 8628.0 7303.0 1310.0 4431.0 6333.0 5814.0 9353.0 8506.0 5464.0 6227.0 4835.0 5821.0 810.0 6623.0 6044.0 4210.0 9266.0 7329.0 232.0 1003.0 6368.0 3330.0 8057.0 5981.0 2422.0 2006.0 4897.0 8088.0 6231.0
3806.0 4112.0 4318.0 7908.0 3222.0 9185.0 9705.0 0.0 2766.0 4577.0 2.0 8572.0 8702.0 5822.0 1510.0 8158.0 2384.0 6617.0 7531.0 3226.0 7829.0 472.0 3722.0 7387.0 3760.0 5570.0 2059.0 6033.0 1641.0 3028.0 7645.0 1576.0 1351.0 1125.0 6291.0 970.0 422.0 973.0 2601.0 6449.0 397.0 6029.0 2564.0 2353.0 6460.0 4842.0 1014.0 6712.0 8100.0 1400.0 4515.0 9160.0
2876.0 4416.0 3524.0 5256.0 7806.0 9006.0 8426.0 2766.0 0.0 9338.0 326.0 924.0 349.0 9670.0 2307.0 3532.0 723.0 4522.0 2316.0 1383.0 48.0 718.0 2469.0 6301.0 7168.0 6004.0 7765.0 6946.0 6890.0 175.0 656.0 8578.0 4860.0 4142.0 4063.0 8579.0 5284.0 3211.0 2074.0 3639.0 2833.0 1652.0 6951.0 9307.0 3361.0 9789.0 7659.0 6938.0 6030.0 1212.0 5087.0 9377.0
2152.0 7776.0 1762.0 3042.0 1727.0 9053.0 3848.0 4577.0 9338.0 0.0 3105.0 1710.0 4974.0 8586.0 406.0 7969.0 9203.0 5184.0 8712.0 804.0 4655.0 708.0 9889.0 1703.0 1156.0 3089.0 6771.0 7614.0 5775.0 4153.0 7396.0 7796.0 5661.0 362.0 7325.0 5269.0 5896.0 7831.0 3782.0 1514.0 6908.0 3776.0 7205.0 8537.0 9548.0 9684.0 1223.0 5879.0 8610.0 3909.0 8023.0 4540.0
9778.0 4336.0 3710.0 9475.0 7828.0 6644.0 197.0 2.0 326.0 3105.0 0.0 3027.0 4299.0 9846.0 5484.0 2226.0 5925.0 3531.0 8905.0 748.0 6180.0 4822.0 8471.0 3311.0 8641.0 6467.0 6512.0 4411.0 3250.0 1098.0 6679.0 1968.0 3706.0 1157.0 546.0 5620.0 7338.0 6456.0 8009.0 5509.0 8183.0 3317.0 1257.0 5476.0 8395.0 9013.0 9186.0 658.0 1676.0 5810.0 7766.0 6812.0
3579.0 3998.0 664.0 6873.0 7265.0 9769.0 6967.0 8572.0 924.0 1710.0 3027.0 0.0 603.0 4611.0 7095.0 2910.0 259.0 1947.0 7674.0 856.0 403.0 2369.0 7469.0 6435.0 1969.0 4993.0 8038.0 4895.0 9974.0 7846.0 2237.0 9699.0 7201.0 5971.0 6160.0 8389.0 702.0 3976.0 1043.0 2843.0 581.0 4214.0 2448.0 6860.0 3746.0 2037.0 725.0 7743.0 3046.0 9601.0 379.0 8754.0
4649.0 6565.0 2580.0 6374.0 3576.0 9053.0 3150.0 8702.0 349.0 4974.0 4299.0 603.0 0.0 1990.0 527.0 5706.0 3122.0 9518.0 696.0 6496.0 6033.0 8951.0 1700.0 5470.0 6705.0 9204.0 1912.0 877.0 5914.0 5554.0 1487.0 8091.0 7034.0 738.0 2173.0 4661.0 5209.0 8748.0 2583.0 4406.0 4611.0 7117.0 5573.0 3732.0 9879.0 101.0 7276.0 8331.0 368.0 404.0 8953.0 9715.0
1660.0 1879.0 5212.0 1885.0 1381.0 4571.0 3085.0 5822.0 9670.0 8586.0 9846.0 4611.0 1990.0 0.0 4356.0 5291.0 2411.0 3093.0 1597.0 2930.0 943.0 6683.0 5304.0 3846.0 3453.0 1953.0 4966.0 6878.0 4105.0 2598.0 1490.0 1166.0 1448.0 5710.0 3225.0 395.0 7829.0 452.0 6131.0 4066.0 5028.0 9743.0 6993.0 2044.0 9135.0 6193.0 9966.0 4519.0 424.0 8986.0 3649.0 7727.0
924.0 2634.0 3860.0 3000.0 6101.0 258.0 4370.0 1510.0 2307.0 406.0 5484.0 7095.0 527.0 4356.0 0.0 6806.0 9510.0 2407.0 5796.0 6038.0 9576.0 3966.0 5610.0 8547.0 8389.0 6905.0 7915.0 6018.0 6685.0 8453.0 9889.0 5805.0 7002.0 2023.0 9536.0 873.0 7002.0 9210.0 8054.0 2278.0 672.0 331.0 636.0 4714.0 3365.0 876.0 1019.0 2041.0 5363.0 885.0 8271.0 2427.0
926.0 1081.0 58.0 3191.0 9434.0 5219.0 7069.0 8158.0 3532.0 7969.0 2226.0 2910.0 5706.0 5291.0 6806.0 0.0 6328.0 2293.0 956.0 6359.0 1119.0 4053.0 1642.0 6129.0 8263.0 8699.0 2384.0 9730.0 2689.0 1545.0 8888.0 2201.0 107.0 7276.0 5810.0 5289.0 3281.0 3519.0 9036.0 7285.0 5554.0 8524.0 805.0 52.0 1215.0 9779.0 8271.0 8656.0 5117.0 796.0 9093.0 5216.0
2438.0 9459.0 2155.0 7689.0 2814.0 829.0 7641.0 2384.0 723.0 9203.0 5925.0 259.0 3122.0 2411.0 9510.0 6328.0 0.0 5127.0 1033.0 2274.0 2243.0 2593.0 1067.0 1724.0 1211.0 7804.0 9582.0 2083.0 2842.0 4166.0 1708.0 8075.0 3332.0 5429.0 763.0 4632.0 9183.0 1585.0 7854.0 724.0 5049.0 3528.0 4580.0 1646.0 9181.0 8237.0 8606.0 1161.0 9162.0 9068.0 8501.0 3229.0
1183.0 9794.0 6584.0 4473.0 5701.0 7501.0 5478.0 6617.0 4522.0 5184.0 3531.0 1947.0 9518.0 3093.0 2407.0 2293.0 5127.0 0.0 4781.0 3801.0 5004.0 777.0 4569.0 5906.0 5863.0 7154.0 1625.0 9418.0 2751.0 745.0 1378.0 7399.0 1533.0 1272.0 7357.0 9816.0 6718.0 1698.0 8732.0 9056.0 4582.0 2616.0 2452.0 4677.0 5360.0 4385.0 9009.0 1516.0 1398.0 1578.0 4419.0 9133.0
2330.0 182.0 4677.0 4692.0 6082.0 1662.0 889.0 7531.0 2316.0 8712.0 8905.0 7674.0 696.0 1597.0 5796.0 956.0 1033.0 4781.0 0.0 8886.0 5965.0 205.0 5885.0 1429.0 4810.0 3791.0 3905.0 7215.0 7586.0 2686.0 8974.0 8523.0 7071.0 367.0 8447.0 7770.0 5732.0 4289.0 1935.0 3889.0 5505.0 7395.0 8112.0 6884.0 6213.0 6474.0 1890.0 9395.0 5241.0 2587.0 4107.0 1052.0
5293.0 5944.0 3479.0 54.0 5164.0 3513.0 3817.0 3226.0 1383.0 804.0 748.0 856.0 6496.0 2930.0 6038.0 6359.0 2274.0 3801.0 8886.0 0.0 34.0 8161.0 4356.0 279.0 1613.0 4999.0 2870.0 2755.0 439.0 4225.0 6998.0 2506.0 3522.0 8051.0 9382.0 1784.0 6136.0 1397.0 8178.0 8018.0 2127.0 4351.0 3183.0 6644.0 83.0 7524.0 4923.0 828.0 4818.0 3609.0 3915.0 9957.0
6704.0 9052.0 7245.0 5357.0 5776.0 2680.0 2870.0 7829.0 48.0 4655.0 6180.0 403.0 6033.0 943.0 9576.0 1119.0 2243.0 5004.0 5965.0 34.0 0.0 8951.0 2963.0 8803.0 7959.0 9373.0 4685.0 7002.0 8609.0 6155.0 3929.0 4275.0 645.0 7036.0 1692.0 9936.0 8667.0 6691.0 9967.0 9647.0 8889.0 4221.0 7904.0 999.0 4789.0 4455.0 9548.0 3785.0 7635.0 4886.0 6691.0 9504.0
1655.0 2263.0 2963.0 1661.0 5894.0 2998.0 120.0 472.0 718.0 708.0 4822.0 2369.0 8951.0 6683.0 3966.0 4053.0 2593.0 777.0 205.0 8161.0 8951.0 0.0 5917.0 9844.0 6616.0 7382.0 4644.0 4864.0 5980.0 7357.0 2921.0 6717.0 87.0 7018.0 4358.0 7707.0 6694.0 3114.0 5689.0 4930.0 2857.0 9502.0 8942.0 434.0 2853.0 6346.0 1708.0 5868.0 3838.0 1455.0 3963.0 2149.0
3425.0 3275.0 90.0 6673.0 7177.0 1310.0 2934.0 3722.0 2469.0 9889.0 8471.0 7469.0 1700.0 5304.0 5610.0 1642.0 1067.0 4569.0 5885.0 4356.0 2963.0 5917.0 0.0 1560.0 8941.0 5369.0 7602.0 2628.0 7630.0 4751.0 9311.0 313.0 3388.0 4164.0 6817.0 6473.0 950.0 200.0 7504.0 7459.0 6445.0 3555.0 6048.0 3223.0 5290.0 1096.0 9709.0 3099.0 1303.0 1096.0 9024.0 6052.0
7896.0 8357.0 1474.0 9690.0 2437.0 3612.0 8628.0 7387.0 6301.0 1703.0 3311.0 6435.0 5470.0 3846.0 8547.0 6129.0 1724.0 5906.0 1429.0 279.0 8803.0 9844.0 1560.0 0.0 8712.0 3805.0 4519.0 2226.0 7970.0 819.0 2775.0 2000.0 9052.0 674.0 3.0 7450.0 5429.0 6300.0 8141.0 9970.0 7398.0 5966.0 363.0 5633.0 5324.0 6893.0 5635.0 7784.0 8703.0 9556.0 6269.0 4789.0
5696.0 5496.0 4614.0 2791.0 6691.0 165.0 7303.0 3760.0 7168.0 1156.0 8641.0 1969.0 6705.0 3453.0 8389.0 8263.0 1211.0 5863.0 4810.0 1613.0 7959.0 6616.0 8941.0 8712.0 0.0 8183.0 3926.0 3976.0 3132.0 5692.0 736.0 3340.0 4439.0 5697.0 3141.0 9470.0 8176.0 6679.0 4834.0 5827.0 6412.0 3845.0 9622.0 4749.0 5806.0 7432.0 5492.0 9146.0 6822.0 7349.0 9711.0 9165.0
3200.0 4112.0 4544.0 1855.0 6687.0 490.0 1310.0 5570.0 6004.0 3089.0 6467.0 4993.0 9204.0 1953.0 6905.0 8699.0 7804.0 7154.0 3791.0 4999.0 9373.0 7382.0 5369.0 3805.0 8183.0 0.0 5443.0 2373.0 241.0 8053.0 5994.0 1831.0 5204.0 8423.0 8707.0 2023.0 9885.0 6276.0 4769.0 4703.0 7161.0 9923.0 894.0 2434.0 8452.0 7433.0 1943.0 3099.0 4598.0 2170.0 6929.0 2.0
4551.0 648.0 7541.0 8347.0 5114.0 3934.0 4431.0 2059.0 7765.0 6771.0 6512.0 8038.0 1912.0 4966.0 7915.0 2384.0 9582.0 1625.0 3905.0 2870.0 4685.0 4644.0 7602.0 4519.0 3926.0 5443.0 0.0 6301.0 3553.0 1276.0 3413.0 1114.0 7891.0 4123.0 927.0 4591.0 3256.0 1207.0 7798.0 4927.0 5107.0 3189.0 1154.0 2467.0 4013.0 5926.0 5863.0 836.0 1951.0 3877.0 8138.0 3641.0
269.0 6706.0 4001.0 3347.0 8746.0 2821.0 6333.0 6033.0 6946.0 7614.0 4411.0 4895.0 877.0 6878.0 6018.0 9730.0 2083.0 9418.0 7215.0 2755.0 7002.0 4864.0 2628.0 2226.0 3976.0 2373.0 6301.0 0.0 5866.0 7372.0 5180.0 1525.0 79.0 679.0 7758.0 982.0 2673.0 8214.0 1282.0 6666.0 5660.0 8053.0 4985.0 3196.0 4680.0 3483.0 5070.0 9918.0 814.0 7717.0 7927.0 2176.0
5371.0 9276.0 9037.0 826.0 7719.0 8299.0 5814.0 1641.0 6890.0 5775.0 3250.0 9974.0 5914.0 4105.0 6685.0 2689.0 2842.0 2751.0 7586.0 439.0 8609.0 5980.0 7630.0 7970.0 3132.0 241.0 3553.0 5866.0 0.0 8767.0 5841.0 8129.0 4925.0 1730.0 8117.0 2156.0 5690.0 882.0 4190.0 99.0 8823.0 8997.0 478.0 4045.0 9113.0 3009.0 2020.0 5197.0 9405.0 5641.0 7280.0 6580.0
7143.0 3265.0 6415.0 5052.0 2853.0 5896.0 9353.0 3028.0 175.0 4153.0 1098.0 7846.0 5554.0 2598.0 8453.0 1545.0 4166.0 745.0 2686.0 4225.0 6155.0 7357.0 4751.0 819.0 5692.0 8053.0 1276.0 7372.0 8767.0 0.0 4705.0 3444.0 145.0 9454.0 5620.0 6152.0 3031.0 9002.0 1154.0 5248.0 7716.0 5085.0 6451.0 175.0 3720.0 9413.0 382.0 1093.0 3757.0 8939.0 6632.0 1062.0
4712.0 7526.0 2154.0 1559.0 9210.0 8419.0 8506.0 7645.0 656.0 7396.0 6679.0 2237.0 1487.0 1490.0 9889.0 8888.0 1708.0 1378.0 8974.0 6998.0 3929.0 2921.0 9311.0 2775.0 736.0 5994.0 3413.0 5180.0 5841.0 4705.0 0.0 3289.0 6515.0 3636.0 1999.0 428.0 6933.0 1806.0 5610.0 4105.0 8856.0 7370.0 6747.0 9891.0 2431.0 6481.0 4853.0 2638.0 8981.0 5193.0 1090.0 6436.0
3594.0 5015.0 7712.0 2581.0 8949.0 7862.0 5464.0 1576.0 8578.0 7796.0 1968.0 9699.0 8091.0 1166.0 5805.0 2201.0 8075.0 7399.0 8523.0 2506.0 4275.0 6717.0 313.0 2000.0 3340.0 1831.0 1114.0 1525.0 8129.0 3444.0 3289.0 0.0 1281.0 1872.0 5420.0 3196.0 4906.0 2143.0 2601.0 384.0 3768.0 9651.0 6231.0 3031.0 2431.0 3452.0 6037.0 7579.0 6980.0 4499.0 6171.0 8762.0
439.0 5433.0 2164.0 7304.0 1904.0 243.0 6227.0 1351.0 4860.0 5661.0 3706.0 7201.0 7034.0 1448.0 7002.0 107.0 3332.0 1533.0 7071.0 3522.0 645.0 87.0 3388.0 9052.0 4439.0 5204.0 7891.0 79.0 4925.0 145.0 6515.0 1281.0 0.0 4468.0 9154.0 9892.0 2988.0 2325.0 7732.0 5896.0 3684.0 9739.0 4269.0 8503.0 5572.0 5729.0 927.0 6538.0 7278.0 2074.0 794.0 3134.0
2751.0 6490.0 4233.0 2182.0 7661.0 5145.0 4835.0 1125.0 4142.0 362.0 1157.0 5971.0 738.0 5710.0 2023.0 7276.0 5429.0 1272.0 367.0 8051.0 7036.0 7018.0 4164.0 674.0 5697.0 8423.0 4123.0 679.0 1730.0 9454.0 3636.0 1872.0 4468.0 0.0 3472.0 5267.0 7516.0 9028.0 4223.0 25.0 2951.0 4736.0 7258.0 8399.0 7539.0 6942.0 3546.0 4475.0 7206.0 245.0 7867.0 785.0
4262.0 3625.0 965.0 7370.0 4008.0 9926.0 5821.0 6291.0 4063.0 7325.0 546.0 6160.0 2173.0 3225.0 9536.0 5810.0 763.0 7357.0 8447.0 9382.0 1692.0 4358.0 6817.0 3.0 3141.0 8707.0 927.0 7758.0 8117.0 5620.0 1999.0 5420.0 9154.0 3472.0 0.0 7294.0 3421.0 4000.0 7535.0 8610.0 4646.0 4178.0 247.0 9249.0 5420.0 7445.0 3897.0 1100.0 5526.0 5571.0 9012.0 7899.0
5374.0 6535.0 2145.0 6460.0 8705.0 6421.0 810.0 970.0 8579.0 5269.0 5620.0 8389.0 4661.0 395.0 873.0 5289.0 4632.0 9816.0 7770.0 1784.0 9936.0 7707.0 6473.0 7450.0 9470.0 2023.0 4591.0 982.0 2156.0 6152.0 428.0 3196.0 9892.0 5267.0 7294.0 0.0 2332.0 2568.0 4400.0 3024.0 1154.0 604.0 8722.0 642.0 4992.0 493.0 5108.0 8305.0 8612.0 5919.0 5318.0 7668.0
2098.0 7966.0 6922.0 3632.0 1374.0 3647.0 6623.0 422.0 5284.0 5896.0 7338.0 702.0 5209.0 7829.0 7002.0 3281.0 9183.0 6718.0 5732.0 6136.0 8667.0 6694.0 950.0 5429.0 8176.0 9885.0 3256.0 2673.0 5690.0 3031.0 6933.0 4906.0 2988.0 7516.0 3421.0 2332.0 0.0 6461.0 4968.0 5556.0 1896.0 8999.0 233.0 3737.0 7641.0 4321.0 6400.0 867.0 9866.0 6500.0 903.0 1731.0
6313.0 7620.0 8109.0 3507.0 3742.0 5750.0 6044.0 973.0 3211.0 7831.0 6456.0 3976.0 8748.0 452.0 9210.0 3519.0 1585.0 1698.0 4289.0 1397.0 6691.0 3114.0 200.0 6300.0 6679.0 6276.0 1207.0 8214.0 882.0 9002.0 1806.0 2143.0 2325.0 9028.0 4000.0 2568.0 6461.0 0.0 4608.0 622.0 2272.0 8606.0 5225.0 5683.0 4959.0 1812.0 4599.0 8983.0 2733.0 3928.0 3046.0 687.0
1146.0 6174.0 9390.0 7007.0 5300.0 3008.0 4210.0 2601.0 2074.0 3782.0 8009.0 1043.0 2583.0 6131.0 8054.0 9036.0 7854.0 8732.0 1935.0 8178.0 9967.0 5689.0 7504.0 8141.0 4834.0 4769.0 7798.0 1282.0 4190.0 1154.0 5610.0 2601.0 7732.0 4223.0 7535.0 4400.0 4968.0 4608.0 0.0 7105.0 3452.0 625.0 4456.0 5925.0 4483.0 4985.0 9580.0 1248.0 5599.0 6439.0 5267.0 5307.0
1997.0 7741.0 2537.0 3349.0 3860.0 6387.0 9266.0 6449.0 3639.0 1514.0 5509.0 2843.0 4406.0 4066.0 2278.0 7285.0 724.0 9056.0 3889.0 8018.0 9647.0 4930.0 7459.0 9970.0 5827.0 4703.0 4927.0 6666.0 99.0 5248.0 4105.0 384.0 5896.0 25.0 8610.0 3024.0 5556.0 622.0 7105.0 0.0 1523.0 3989.0 4441.0 4868.0 8452.0 748.0 5796.0 1496.0 7210.0 3525.0 4683.0 7066.0
5464.0 3786.0 1509.0 8339.0 6108.0 5668.0 7329.0 397.0 2833.0 6908.0 8183.0 581.0 4611.0 5028.0 672.0 5554.0 5049.0 4582.0 5505.0 2127.0 8889.0 2857.0 6445.0 7398.0 6412.0 7161.0 5107.0 5660.0 8823.0 7716.0 8856.0 3768.0 3684.0 2951.0 4646.0 1154.0 1896.0 2272.0 3452.0 1523.0 0.0 7878.0 5089.0 1300.0 2411.0 7657.0 279.0 7038.0 8946.0 8464.0 9899.0 9655.0
2042.0 9894.0 1063.0 7595.0 3922.0 985.0 232.0 6029.0 1652.0 3776.0 3317.0 4214.0 7117.0 9743.0 331.0 8524.0 3528.0 2616.0 7395.0 4351.0 4221.0 9502.0 3555.0 5966.0 3845.0 9923.0 3189.0 8053.0 8997.0 5085.0 7370.0 9651.0 9739.0 4736.0 4178.0 604.0 8999.0 8606.0 625.0 3989.0 7878.0 0.0 7255.0 4256.0 6095.0 9045.0 3088.0 2186.0 5942.0 4551.0 2345.0 2727.0
1902.0 6252.0 5270.0 7240.0 1648.0 6266.0 1003.0 2564.0 6951.0 7205.0 1257.0 2448.0 5573.0 6993.0 636.0 805.0 4580.0 2452.0 8112.0 3183.0 7904.0 8942.0 6048.0 363.0 9622.0 894.0 1154.0 4985.0 478.0 6451.0 6747.0 6231.0 4269.0 7258.0 247.0 8722.0 233.0 5225.0 4456.0 4441.0 5089.0 7255.0 0.0 9878.0 1087.0 3222.0 2047.0 9887.0 718.0 8439.0 386.0 1391.0
3150.0 1712.0 2096.0 2085.0 7972.0 9916.0 6368.0 2353.0 9307.0 8537.0 5476.0 6860.0 3732.0 2044.0 4714.0 52.0 1646.0 4677.0 6884.0 6644.0 999.0 434.0 3223.0 5633.0 4749.0 2434.0 2467.0 3196.0 4045.0 175.0 9891.0 3031.0 8503.0 8399.0 9249.0 642.0 3737.0 5683.0 5925.0 4868.0 1300.0 4256.0 9878.0 0.0 7130.0 5569.0 3302.0 7268.0 4911.0 533.0 5815.0 6798.0
2495.0 2674.0 1330.0 782.0 7434.0 9054.0 3330.0 6460.0 3361.0 9548.0 8395.0 3746.0 9879.0 9135.0 3365.0 1215.0 9181.0 5360.0 6213.0 83.0 4789.0 2853.0 5290.0 5324.0 5806.0 8452.0 4013.0 4680.0 9113.0 3720.0 2431.0 2431.0 5572.0 7539.0 5420.0 4992.0 7641.0 4959.0 4483.0 8452.0 2411.0 6095.0 1087.0 7130.0 0.0 56.0 288.0 2286.0 2167.0 9480.0 512.0 7356.0
9522.0 4.0 8642.0 2377.0 1548.0 5316.0 8057.0 4842.0 9789.0 9684.0 9013.0 2037.0 101.0 6193.0 876.0 9779.0 8237.0 4385.0 6474.0 7524.0 4455.0 6346.0 1096.0 6893.0 7432.0 7433.0 5926.0 3483.0 3009.0 9413.0 6481.0 3452.0 5729.0 6942.0 7445.0 493.0 4321.0 1812.0 4985.0 748.0 7657.0 9045.0 3222.0 5569.0 56.0 0.0 7074.0 6269.0 6221.0 1057.0 6617.0 9421.0
6328.0 899.0 3710.0 7840.0 6649.0 1714.0 5981.0 1014.0 7659.0 1223.0 9186.0 725.0 7276.0 9966.0 1019.0 8271.0 8606.0 9009.0 1890.0 4923.0 9548.0 1708.0 9709.0 5635.0 5492.0 1943.0 5863.0 5070.0 2020.0 382.0 4853.0 6037.0 927.0 3546.0 3897.0 5108.0 6400.0 4599.0 9580.0 5796.0 279.0 3088.0 2047.0 3302.0 288.0 7074.0 0.0 3674.0 1276.0 4946.0 4796.0 8382.0
628.0 9350.0 4142.0 705.0 8958.0 368.0 2422.0 6712.0 6938.0 5879.0 658.0 7743.0 8331.0 4519.0 2041.0 8656.0 1161.0 1516.0 9395.0 828.0 3785.0 5868.0 3099.0 7784.0 9146.0 3099.0 836.0 9918.0 5197.0 1093.0 2638.0 7579.0 6538.0 4475.0 1100.0 8305.0 867.0 8983.0 1248.0 1496.0 7038.0 2186.0 9887.0 7268.0 2286.0 6269.0 3674.0 0.0 1364.0 1167.0 5330.0 9466.0
9507.0 1965.0 2000.0 3430.0 5971.0 7481.0 2006.0 8100.0 6030.0 8610.0 1676.0 3046.0 368.0 424.0 5363.0 5117.0 9162.0 1398.0 5241.0 4818.0 7635.0 3838.0 1303.0 8703.0 6822.0 4598.0 1951.0 814.0 9405.0 3757.0 8981.0 6980.0 7278.0 7206.0 5526.0 8612.0 9866.0 2733.0 5599.0 7210.0 8946.0 5942.0 718.0 4911.0 2167.0 6221.0 1276.0 1364.0 0.0 6369.0 524.0 958.0
6737.0 6383.0 1333.0 993.0 606.0 6823.0 4897.0 1400.0 1212.0 3909.0 5810.0 9601.0 404.0 8986.0 885.0 796.0 9068.0 1578.0 2587.0 3609.0 4886.0 1455.0 1096.0 9556.0 7349.0 2170.0 3877.0 7717.0 5641.0 8939.0 5193.0 4499.0 2074.0 245.0 5571.0 5919.0 6500.0 3928.0 6439.0 3525.0 8464.0 4551.0 8439.0 533.0 9480.0 1057.0 4946.0 1167.0 6369.0 0.0 9587.0 3535.0
6278.0 7256.0 1043.0 3456.0 1497.0 4318.0 8088.0 4515.0 5087.0 8023.0 7766.0 379.0 8953.0 3649.0 8271.0 9093.0 8501.0 4419.0 4107.0 3915.0 6691.0 3963.0 9024.0 6269.0 9711.0 6929.0 8138.0 7927.0 7280.0 6632.0 1090.0 6171.0 794.0 7867.0 9012.0 5318.0 903.0 3046.0 5267.0 4683.0 9899.0 2345.0 386.0 5815.0 512.0 6617.0 4796.0 5330.0 524.0 9587.0 0.0 9099.0
747.0 3129.0 5694.0 40.0 4054.0 6055.0 6231.0 9160.0 9377.0 4540.0 6812.0 8754.0 9715.0 7727.0 2427.0 5216.0 3229.0 9133.0 1052.0 9957.0 9504.0 2149.0 6052.0 4789.0 9165.0 2.0 3641.0 2176.0 6580.0 1062.0 6436.0 8762.0 3134.0 785.0 7899.0 7668.0 1731.0 687.0 5307.0 7066.0 9655.0 2727.0 1391.0 6798.0 7356.0 9421.0 8382.0 9466.0 958.0 3535.0 9099.0 0.0