61
0 1 10000 2
0.0 4907.0 7589.0 1475.0 29.0 7464.0 4182.0 7961.0 8205.0 3288.0 9781.0 4561.0 4132.0 4760.0 2617.0 7019.0 9005.0 3568.0 1322.0 2655.0 3911.0 5608.0 809.0 7357.0 9401.0 6264.0 7620.0 8626.0 1543.0 2760.0 3751.0 8760.0 4833.0 4327.0 1719.0 7193.0 5271.0 967.0 4826.0 5967.0 867.0 8525.0 4437.0 4510.0 3399.0 292.0 3907.0 9967.0 9909.0 7867.0 8883.0 4654.0 4610.0 1482.0 1772.0 4186.0 119.0 2743.0 2981.0 5567.0 8458.0
4907.0 0.0 7010.0 8400.0 8865.0 8825.0 2418.0 8946.0 7989.0 8807.0 1103.0 3145.0 964.0 9358.0 2469.0 2042.0 6465.0 9063.0 5185.0 7408.0 4729.0 6669.0 7557.0 2267.0 4273.0 2612.0 3783.0 325.0 7561.0 4312.0 3746.0 1393.0 7896.0 6517.0 5231.0 5636.0 3531.0 8854.0 3110.0 6028.0 9469.0 151.0 7958.0 3774.0 5684.0 8473.0 8766.0 9907.0 5631.0 1284.0 2394.0 4060.0 2835.0 8274.0 6209.0 9838.0 6244.0 3111.0 80.0 7440.0 4225.0
7589.0 7010.0 0.0 4494.0 4217.0 5328.0 849.0 1533.0 8.0 1845.0 9386.0 8070.0 6172.0 5657.0 6162.0 9259.0 1427.0 2173.0 3845.0 8288.0 188.0 4665.0 966.0 6873.0 2185.0 5112.0 1526.0 6806.0 2258.0 1366.0 4396.0 6637.0 3685.0 5789.0 392.0 9267.0 1597.0 7527.0 2428.0 7929.0 7088.0 2943.0 5871.0 4753.0 143.0 8783.0 7730.0 3668.0 6916.0 9519.0 5220.0 7379.0 3002.0 9994.0 8252.0 1690.0 5116.0 2118.0 7637.0 2559.0 2264.0
1475.0 8400.0 4494.0 0.0 5956.0 944.0 25.0 7873.0 9434.0 9795.0 199.0 2332.0 7411.0 1052.0 1324.0 7649.0 9059.0 3056.0 7519.0 1211.0 7738.0 7558.0 9623.0 6804.0 440.0 6157.0 2008.0 7005.0 9010.0 5823.0 4763.0 9137.0 2929.0 870.0 9425.0 4690.0 6200.0 2763.0 3213.0 7975.0 8321.0 8798.0 5804.0 5072.0 702.0 6502.0 1716.0 6382.0 653.0 631.0 6170.0 4603.0 6180.0 9827.0 9798.0 1670.0 3465.0 4084.0 1629.0 55.0 8301.0
29.0 8865.0 4217.0 5956.0 0.0 74.0 1385.0 9832.0 4797.0 2142.0 6733.0 4744.0 1579.0 2660.0 8741.0 3049.0 8538.0 9435.0 2753.0 2029.0 5641.0 8919.0 7340.0 3586.0 5801.0 4174.0 860.0 5769.0 4576.0 995.0 4292.0 179.0 5017.0 963.0 4564.0 6698.0 5092.0 1168.0 5703.0 4952.0 9591.0 6843.0 1874.0 4015.0 5360.0 6930.0 6859.0 7538.0 6657.0 9713.0 3631.0 3254.0 7808.0 5221.0 3259.0 5888.0 1960.0 5296.0 5787.0 7929.0 3932.0
7464.0 8825.0 5328.0 944.0 74.0 0.0 3877.0 6221.0 4006.0 4823.0 336.0 7983.0 2511.0 8221.0 8856.0 7821.0 7309.0 5994.0 4081.0 3437.0 9799.0 5331.0 6033.0 9605.0 4901.0 5558.0 3046.0 7910.0 9899.0 8309.0 4012.0 846.0 7044.0 9930.0 9275.0 2204.0 7998.0 7557.0 2754.0 1537.0 8606.0 3497.0 6186.0 2576.0 6300.0 8319.0 961.0 9914.0 9037.0 2149.0 9332.0 210.0 8028.0 8541.0 4525.0 6423.0 4315.0 3299.0 4656.0 5483.0 1103.0
4182.0 2418.0 849.0 25.0 1385.0 3877.0 0.0 1360.0 1568.0 1403.0 7241.0 5887.0 1425.0 5779.0 8313.0 167.0 7589.0 5446.0 5764.0 5551.0 5800.0 5147.0 6891.0 4034.0 7708.0 8480.0 9452.0 9920.0 2729.0 6371.0 9804.0 4814.0 6119.0 7717.0 4557.0 2420.0 5478.0 2920.0 4940.0 319.0 5913.0 7865.0 6564.0 7201.0 5962.0 6585.0 8890.0 4814.0 4856.0 280.0 2793.0 3257.0 115.0 8366.0 2945.0 9303.0 7673.0 6632.0 7670.0 6797.0 9109.0
7961.0 8946.0 1533.0 7873.0 9832.0 6221.0 1360.0 0.0 78.0 7984.0 6660.0 8693.0 6923.0 1415.0 9900.0 2383.0 8174.0 3110.0 7982.0 5578.0 5443.0 7296.0 2855.0 9751.0 5555.0 1947.0 4611.0 5256.0 541.0 3689.0 5570.0 6597.0 6786.0 4419.0 1657.0 3091.0 5002.0 9435.0 3131.0 2231.0 436.0 8488.0 6800.0 4720.0 1774.0 6066.0 5858.0 8442.0 8048.0 3979.0 4858.0 3011.0 5812.0 2988.0 3951.0 2961.0 6688.0 8760.0 3608.0 5752.0 1200.0
8205.0 7989.0 8.0 9434.0 4797.0 4006.0 1568.0 78.0 0.0 3630.0 918.0 2731.0 116.0 9591.0 9956.0 6878.0 7837.0 4192.0 7314.0 1098.0 8596.0 7382.0 8249.0 2455.0 6136.0 544.0 3660.0 3761.0 2970.0 1842.0 3695.0 6053.0 6114.0 6720.0 7825.0 4647.0 5190.0 5531.0 4486.0 3198.0 7269.0 2553.0 20.0 8924.0 3596.0 7004.0 1595.0 8461.0 7577.0 3802.0 128.0 9801.0 1366.0 2837.0 5352.0 4416.0 2890.0 3717.0 9497.0 4613.0 1187.0
3288.0 8807.0 1845.0 9795.0 2142.0 4823.0 1403.0 7984.0 3630.0 0.0 407.0 5155.0 1954.0 3764.0 1370.0 1565.0 3083.0 8237.0 7909.0 7054.0 6087.0 2768.0 4839.0 8145.0 1803.0 2630.0 3342.0 2210.0 1791.0 9478.0 9274.0 7223.0 9285.0 4167.0 9182.0 6905.0 1596.0 4381.0 8843.0 6653.0 5667.0 1021.0 5168.0 7657.0 6195.0 7007.0 5375.0 9731.0 3375.0 9293.0 9534.0 9722.0 6594.0 4771.0 6386.0 3270.0 896.0 9002.0 661.0 9540.0 1942.0
9781.0 1103.0 9386.0 199.0 6733.0 336.0 7241.0 6660.0 918.0 407.0 0.0 629.0 454.0 524.0 1960.0 8414.0 9397.0 3630.0 9702.0 2763.0 1792.0 7722.0 1577.0 5794.0 5110.0 7383.0 5878.0 5153.0 930.0 4667.0 2645.0 2922.0 2740.0 9795.0 8020.0 7835.0 7343.0 9772.0 8724.0 9644.0 5071.0 441.0 3187.0 152.0 2769.0 3762.0 7974.0 5701.0 6923.0 4634.0 2553.0 9818.0 3007.0 5848.0 4713.0 817.0 8266.0 9234.0 7426.0 1744.0 5502.0
4561.0 3145.0 8070.0 2332.0 4744.0 7983.0 5887.0 8693.0 2731.0 5155.0 629.0 0.0 7592.0 5751.0 6055.0 6855.0 4988.0 9437.0 3394.0 7077.0 5509.0 1843.0 5542.0 2355.0 3089.0 3446.0 3357.0 4448.0 4381.0 4462.0 2071.0 5233.0 915.0 972.0 2564.0 8778.0 4176.0 626.0 7426.0 4284.0 1090.0 6860.0 3457.0 3006.0 4384.0 7522.0 977.0 2989.0 2467.0 4053.0 4226.0 7534.0 5698.0 6229.0 1457.0 9867.0 6675.0 6510.0 5563.0 8480.0 5378.0
4132.0 964.0 6172.0 7411.0 1579.0 2511.0 1425.0 6923.0 116.0 1954.0 454.0 7592.0 0.0 418.0 866.0 4133.0 5282.0 8574.0 3917.0 6288.0 4394.0 5132.0 459.0 7945.0 138.0 2596.0 7987.0 391.0 1695.0 4822.0 7496.0 9174.0 7373.0 716.0 980.0 12.0 3737.0 2805.0 9353.0 1145.0 3166.0 1998.0 165.0 2326.0 444.0 8584.0 84.0 462.0 5427.0 2983.0 7217.0 553.0 9423.0 3966.0 5275.0 2269.0 2673.0 1590.0 8332.0 2757.0 3829.0
4760.0 9358.0 5657.0 1052.0 2660.0 8221.0 5779.0 1415.0 9591.0 3764.0 524.0 5751.0 418.0 0.0 9468.0 5966.0 2013.0 3288.0 1487.0 5604.0 2005.0 6014.0 5227.0 2560.0 1637.0 4160.0 5861.0 2365.0 5623.0 7894.0 8070.0 4109.0 8352.0 8353.0 6476.0 6497.0 9583.0 4620.0 1442.0 4225.0 6913.0 5833.0 2323.0 1149.0 3433.0 4083.0 9018.0 7961.0 1673.0 9876.0 9258.0 4265.0 9311.0 1646.0 5178.0 1140.0 3304.0 5863.0 5468.0 9052.0 3370.0
2617.0 2469.0 6162.0 1324.0 8741.0 8856.0 8313.0 9900.0 9956.0 1370.0 1960.0 6055.0 866.0 9468.0 0.0 4706.0 2231.0 2811.0 4604.0 4754.0 2012.0 3373.0 9534.0 1827.0 1846.0 2848.0 9509.0 5794.0 8747.0 4387.0 5783.0 6316.0 7040.0 4774.0 7644.0 32.0 2900.0 8633.0 9524.0 5690.0 9943.0 7695.0 8913.0 7246.0 8652.0 7703.0 5360.0 5467.0 6046.0 920.0 1727.0 9917.0 3006.0 6430.0 9657.0 7183.0 2245.0 1793.0 6781.0 9155.0 2825.0
7019.0 2042.0 9259.0 7649.0 3049.0 7821.0 167.0 2383.0 6878.0 1565.0 8414.0 6855.0 4133.0 5966.0 4706.0 0.0 6992.0 2316.0 1974.0 1114.0 574.0 9254.0 8504.0 4330.0 2585.0 8363.0 3854.0 4601.0 9595.0 5323.0 4666.0 1308.0 9901.0 6168.0 1821.0 6092.0 8503.0 8777.0 1224.0 13.0 2813.0 6329.0 9738.0 9964.0 7040.0 3444.0 25.0 120.0 1089.0 9688.0 662.0 8023.0 4776.0 9876.0 9360.0 2937.0 9043.0 2272.0 5502.0 5783.0 952.0
9005.0 6465.0 1427.0 9059.0 8538.0 7309.0 7589.0 8174.0 7837.0 3083.0 9397.0 4988.0 5282.0 2013.0 2231.0 6992.0 0.0 324.0 2712.0 2453.0 6133.0 1864.0 5151.0 6333.0 4021.0 3838.0 2718.0 3748.0 164.0 5213.0 1856.0 3869.0 1486.0 256.0 9534.0 3107.0 5724.0 4278.0 1757.0 4091.0 8532.0 4691.0 8118.0 5463.0 140.0 8859.0 502.0 4553.0 4270.0 8164.0 6057.0 9003.0 8469.0 3788.0 3424.0 9251.0 8164.0 7717.0 256.0 1666.0 1624.0
3568.0 9063.0 2173.0 3056.0 9435.0 5994.0 5446.0 3110.0 4192.0 8237.0 3630.0 9437.0 8574.0 3288.0 2811.0 2316.0 324.0 0.0 9398.0 6413.0 7560.0 7251.0 9010.0 396.0 3164.0 1703.0 2396.0 7407.0 5668.0 8586.0 8786.0 4315.0 5974.0 2527.0 6668.0 9215.0 9993.0 7554.0 8224.0 6157.0 7226.0 6903.0 8740.0 5769.0 7077.0 3313.0 7528.0 5937.0 9233.0 4649.0 1093.0 1483.0 9235.0 3450.0 7945.0 3906.0 2004.0 4083.0 9549.0 5337.0 5933.0
1322.0 5185.0 3845.0 7519.0 2753.0 4081.0 5764.0 7982.0 7314.0 7909.0 9702.0 3394.0 3917.0 1487.0 4604.0 1974.0 2712.0 9398.0 0.0 1818.0 9964.0 6138.0 799.0 4625.0 2881.0 6539.0 767.0 6393.0 1205.0 9199.0 2910.0 7814.0 3323.0 7179.0 4434.0 580.0 854.0 1097.0 4205.0 1145.0 7372.0 5418.0 7509.0 5735.0 7774.0 987.0 6522.0 7974.0 6332.0 5961.0 1352.0 5619.0 3586.0 4369.0 8723.0 3720.0 3640.0 1051.0 6164.0 7921.0 3775.0
2655.0 7408.0 8288.0 1211.0 2029.0 3437.0 5551.0 5578.0 1098.0 7054.0 2763.0 7077.0 6288.0 5604.0 4754.0 1114.0 2453.0 6413.0 1818.0 0.0 2149.0 8075.0 9088.0 7273.0 2451.0 9821.0 738.0 1113.0 7909.0 5927.0 9829.0 6570.0 9255.0 7119.0 814.0 6976.0 5512.0 8963.0 4614.0 3813.0 4692.0 4503.0 7630.0 6165.0 7546.0 7361.0 2139.0 6152.0 7149.0 4672.0 2172.0 8012.0 6070.0 7138.0 153.0 4805.0 984.0 5513.0 8937.0 6716.0 353.0
3911.0 4729.0 188.0 7738.0 5641.0 9799.0 5800.0 5443.0 8596.0 6087.0 1792.0 5509.0 4394.0 2005.0 2012.0 574.0 6133.0 7560.0 9964.0 2149.0 0.0 6928.0 5627.0 9858.0 9179.0 2130.0 8270.0 7976.0 3557.0 1896.0 7487.0 1089.0 4300.0 6450.0 5656.0 3257.0 9067.0 2752.0 5167.0 5912.0 1604.0 6938.0 3117.0 7776.0 9989.0 4885.0 6959.0 9644.0 3780.0 6802.0 1022.0 7082.0 5722.0 1895.0 455.0 4711.0 1483.0 1509.0 8227.0 6938.0 2405.0
5608.0 6669.0 4665.0 7558.0 8919.0 5331.0 5147.0 7296.0 7382.0 2768.0 7722.0 1843.0 5132.0 6014.0 3373.0 9254.0 1864.0 7251.0 6138.0 8075.0 6928.0 0.0 8397.0 6705.0 7158.0 3387.0 278.0 5348.0 7202.0 557.0 7591.0 1254.0 7194.0 3729.0 9924.0 9520.0 6157.0 5850.0 4208.0 2099.0 5979.0 4482.0 3236.0 939.0 5004.0 5508.0 302.0 6036.0 7596.0 5872.0 4946.0 402.0 5164.0 1316.0 7993.0 5212.0 3918.0 7101.0 7137.0 7963.0 9369.0
809.0 7557.0 966.0 9623.0 7340.0 6033.0 6891.0 2855.0 8249.0 4839.0 1577.0 5542.0 459.0 5227.0 9534.0 8504.0 5151.0 9010.0 799.0 9088.0 5627.0 8397.0 0.0 5342.0 7196.0 7166.0 2796.0 8642.0 6897.0 9262.0 9308.0 4133.0 6119.0 7468.0 1544.0 4784.0 4536.0 7626.0 6801.0 1963.0 3465.0 4665.0 5864.0 7998.0 5175.0 7129.0 3773.0 9295.0 625.0 3648.0 7900.0 4984.0 5756.0 5684.0 1777.0 2223.0 3342.0 9137.0 8913.0 7551.0 7719.0
7357.0 2267.0 6873.0 6804.0 3586.0 9605.0 4034.0 9751.0 2455.0 8145.0 5794.0 2355.0 7945.0 2560.0 1827.0 4330.0 6333.0 396.0 4625.0 7273.0 9858.0 6705.0 5342.0 0.0 2140.0 8913.0 8507.0 4839.0 6452.0 7231.0 8530.0 9608.0 6537.0 8148.0 7261.0 136.0 3019.0 9511.0 3528.0 9006.0 3396.0 4650.0 4925.0 4053.0 6494.0 658.0 7172.0 8643.0 2951.0 9154.0 5595.0 9016.0 7319.0 9350.0 6705.0 1356.0 6761.0 1681.0 9524.0 4586.0 5825.0
9401.0 4273.0 2185.0 440.0 5801.0 4901.0 7708.0 5555.0 6136.0 1803.0 5110.0 3089.0 138.0 1637.0 1846.0 2585.0 4021.0 3164.0 2881.0 2451.0 9179.0 7158.0 7196.0 2140.0 0.0 7943.0 4404.0 5446.0 9706.0 3520.0 7787.0 2761.0 2516.0 3010.0 3665.0 4476.0 305.0 3891.0 7287.0 2324.0 4222.0 2937.0 4800.0 4374.0 8231.0 2043.0 9869.0 3929.0 9355.0 855.0 2354.0 4269.0 8090.0 1031.0 2983.0 4831.0 4755.0 7749.0 1700.0 8834.0 6377.0
6264.0 2612.0 5112.0 6157.0 4174.0 5558.0 8480.0 1947.0 544.0 2630.0 7383.0 3446.0 2596.0 4160.0 2848.0 8363.0 3838.0 1703.0 6539.0 9821.0 2130.0 3387.0 7166.0 8913.0 7943.0 0.0 8597.0 8272.0 764.0 6672.0 1077.0 3461.0 8575.0 8103.0 5765.0 9107.0 1740.0 9597.0 9159.0 1719.0 1092.0 3132.0 4796.0 7715.0 4973.0 300.0 9813.0 2539.0 2880.0 3189.0 8252.0 9270.0 9093.0 7971.0 8349.0 6340.0 2782.0 7596.0 6091.0 8722.0 5273.0
7620.0 3783.0 1526.0 2008.0 860.0 3046.0 9452.0 4611.0 3660.0 3342.0 5878.0 3357.0 7987.0 5861.0 9509.0 3854.0 2718.0 2396.0 767.0 738.0 8270.0 278.0 2796.0 8507.0 4404.0 8597.0 0.0 7026.0 4676.0 6735.0 6076.0 9421.0 3281.0 7097.0 6022.0 5681.0 4704.0 1809.0 8067.0 9096.0 5155.0 9482.0 3290.0 3828.0 1738.0 4144.0 5745.0 2026.0 457.0 6038.0 2101.0 7554.0 7658.0 1231.0 5085.0 2606.0 2977.0 2095.0 6402.0 6767.0 4289.0
8626.0 325.0 6806.0 7005.0 5769.0 7910.0 9920.0 5256.0 3761.0 2210.0 5153.0 4448.0 391.0 2365.0 5794.0 4601.0 3748.0 7407.0 6393.0 1113.0 7976.0 5348.0 8642.0 4839.0 5446.0 8272.0 7026.0 0.0 8726.0 9123.0 1012.0 3368.0 7967.0 5298.0 1970.0 2513.0 1396.0 5262.0 4140.0 9635.0 9002.0 4629.0 5761.0 2105.0 1397.0 3434.0 9921.0 9281.0 1584.0 2978.0 6487.0 2329.0 2858.0 2604.0 5489.0 1790.0 2573.0 8131.0 5651.0 3799.0 5767.0
1543.0 7561.0 2258.0 9010.0 4576.0 9899.0 2729.0 541.0 2970.0 1791.0 930.0 4381.0 1695.0 5623.0 8747.0 9595.0 164.0 5668.0 1205.0 7909.0 3557.0 7202.0 6897.0 6452.0 9706.0 764.0 4676.0 8726.0 0.0 7592.0 5735.0 2120.0 6364.0 5926.0 8929.0 4744.0 6651.0 1207.0 9157.0 2857.0 9123.0 4147.0 4866.0 6615.0 5283.0 7059.0 3878.0 7360.0 5041.0 5205.0 2954.0 7435.0 7257.0 8832.0 7069.0 1100.0 5793.0 8664.0 7964.0 8363.0 8284.0
2760.0 4312.0 1366.0 5823.0 995.0 8309.0 6371.0 3689.0 1842.0 9478.0 4667.0 4462.0 4822.0 7894.0 4387.0 5323.0 5213.0 8586.0 9199.0 5927.0 1896.0 557.0 9262.0 7231.0 3520.0 6672.0 6735.0 9123.0 7592.0 0.0 8661.0 9143.0 4751.0 2813.0 7096.0 473.0 634.0 1251.0 9107.0 4451.0 5928.0 573.0 7480.0 3069.0 2396.0 6177.0 8344.0 956.0 1350.0 301.0 6176.0 3924.0 9360.0 1947.0 1425.0 1185.0 5668.0 2336.0 4406.0 4124.0 5246.0
3751.0 3746.0 4396.0 4763.0 4292.0 4012.0 9804.0 5570.0 3695.0 9274.0 2645.0 2071.0 7496.0 8070.0 5783.0 4666.0 1856.0 8786.0 2910.0 9829.0 7487.0 7591.0 9308.0 8530.0 7787.0 1077.0 6076.0 1012.0 5735.0 8661.0 0.0 8482.0 7135.0 709.0 711.0 2017.0 8670.0 5926.0 9404.0 5878.0 2984.0 5001.0 2951.0 6532.0 8131.0 2765.0 4318.0 8581.0 9127.0 7608.0 5093.0 4031.0 9760.0 652.0 1083.0 6416.0 4206.0 6550.0 2708.0 9595.0 3191.0
8760.0 1393.0 6637.0 9137.0 179.0 846.0 4814.0 6597.0 6053.0 7223.0 2922.0 5233.0 9174.0 4109.0 6316.0 1308.0 3869.0 4315.0 7814.0 6570.0 1089.0 1254.0 4133.0 9608.0 2761.0 3461.0 9421.0 3368.0 2120.0 9143.0 8482.0 0.0 1842.0 8473.0 9937.0 9101.0 8744.0 7545.0 629.0 7705.0 8579.0 802.0 4784.0 8595.0 653.0 8330.0 8741.0 9224.0 5881.0 5647.0 8492.0 6165.0 3799.0 6843.0 7390.0 6015.0 3028.0 3764.0 9315.0 6073.0 4434.0
4833.0 7896.0 3685.0 2929.0 5017.0 7044.0 6119.0 6786.0 6114.0 9285.0 2740.0 915.0 7373.0 8352.0 7040.0 9901.0 1486.0 5974.0 3323.0 9255.0 4300.0 7194.0 6119.0 6537.0 2516.0 8575.0 3281.0 7967.0 6364.0 4751.0 7135.0 1842.0 0.0 9097.0 9399.0 887.0 8280.0 8430.0 1637.0 8577.0 8566.0 2557.0 7640.0 3612.0 1295.0 7910.0 2275.0 6960.0 3245.0 913.0 7580.0 2354.0 4539.0 3887.0 1865.0 8929.0 2289.0 8653.0 3305.0 4527.0 1465.0
4327.0 6517.0 5789.0 870.0 963.0 9930.0 7717.0 4419.0 6720.0 4167.0 9795.0 972.0 716.0 8353.0 4774.0 6168.0 256.0 2527.0 7179.0 7119.0 6450.0 3729.0 7468.0 8148.0 3010.0 8103.0 7097.0 5298.0 5926.0 2813.0 709.0 8473.0 9097.0 0.0 3641.0 1245.0 8717.0 939.0 3580.0 3394.0 3605.0 736.0 6025.0 8236.0 473.0 2278.0 5771.0 9343.0 5392.0 1170.0 7526.0 9877.0 9543.0 5869.0 9570.0 8850.0 1851.0 4347.0 4861.0 9562.0 8253.0
1719.0 5231.0 392.0 9425.0 4564.0 9275.0 4557.0 1657.0 7825.0 9182.0 8020.0 2564.0 980.0 6476.0 7644.0 1821.0 9534.0 6668.0 4434.0 814.0 5656.0 9924.0 1544.0 7261.0 3665.0 5765.0 6022.0 1970.0 8929.0 7096.0 711.0 9937.0 9399.0 3641.0 0.0 9497.0 5301.0 5657.0 5343.0 3476.0 4613.0 1345.0 7994.0 1346.0 8796.0 5339.0 4329.0 1854.0 780.0 1059.0 3120.0 3104.0 4746.0 6718.0 6574.0 7587.0 7438.0 6800.0 34.0 2339.0 6499.0
7193.0 5636.0 9267.0 4690.0 6698.0 2204.0 2420.0 3091.0 4647.0 6905.0 7835.0 8778.0 12.0 6497.0 32.0 6092.0 3107.0 9215.0 580.0 6976.0 3257.0 9520.0 4784.0 136.0 4476.0 9107.0 5681.0 2513.0 4744.0 473.0 2017.0 9101.0 887.0 1245.0 9497.0 0.0 8657.0 532.0 9231.0 6066.0 7008.0 6649.0 4582.0 1561.0 723.0 777.0 7125.0 3074.0 9087.0 9426.0 6470.0 7968.0 9646.0 2642.0 4667.0 3743.0 2372.0 4064.0 5332.0 2022.0 9259.0
5271.0 3531.0 1597.0 6200.0 5092.0 7998.0 5478.0 5002.0 5190.0 1596.0 7343.0 4176.0 3737.0 9583.0 2900.0 8503.0 5724.0 9993.0 854.0 5512.0 9067.0 6157.0 4536.0 3019.0 305.0 1740.0 4704.0 1396.0 6651.0 634.0 8670.0 8744.0 8280.0 8717.0 5301.0 8657.0 0.0 2280.0 1834.0 8029.0 3948.0 3846.0 3815.0 6418.0 4364.0 5510.0 8616.0 2719.0 7514.0 4792.0 4962.0 7149.0 1546.0 8758.0 7126.0 1678.0 9945.0 6114.0 6027.0 2300.0 4718.0
967.0 8854.0 7527.0 2763.0 1168.0 7557.0 2920.0 9435.0 5531.0 4381.0 9772.0 626.0 2805.0 4620.0 8633.0 8777.0 4278.0 7554.0 1097.0 8963.0 2752.0 5850.0 7626.0 9511.0 3891.0 9597.0 1809.0 5262.0 1207.0 1251.0 5926.0 7545.0 8430.0 939.0 5657.0 532.0 2280.0 0.0 6179.0 531.0 762.0 9279.0 3220.0 4409.0 4347.0 4536.0 5575.0 535.0 6541.0 6403.0 8585.0 3498.0 8692.0 4307.0 601.0 8441.0 228.0 4427.0 6941.0 6565.0 1461.0
4826.0 3110.0 2428.0 3213.0 5703.0 2754.0 4940.0 3131.0 4486.0 8843.0 8724.0 7426.0 9353.0 1442.0 9524.0 1224.0 1757.0 8224.0 4205.0 4614.0 5167.0 4208.0 6801.0 3528.0 7287.0 9159.0 8067.0 4140.0 9157.0 9107.0 9404.0 629.0 1637.0 3580.0 5343.0 9231.0 1834.0 6179.0 0.0 6241.0 5116.0 8407.0 8233.0 7984.0 982.0 1544.0 4104.0 7589.0 355.0 6441.0 8229.0 7567.0 8277.0 2056.0 2170.0 2333.0 2097.0 8465.0 5447.0 6093.0 3430.0
5967.0 6028.0 7929.0 7975.0 4952.0 1537.0 319.0 2231.0 3198.0 6653.0 9644.0 4284.0 1145.0 4225.0 5690.0 13.0 4091.0 6157.0 1145.0 3813.0 5912.0 2099.0 1963.0 9006.0 2324.0 1719.0 9096.0 9635.0 2857.0 4451.0 5878.0 7705.0 8577.0 3394.0 3476.0 6066.0 8029.0 531.0 6241.0 0.0 1625.0 2297.0 431.0 6458.0 5950.0 6022.0 2259.0 1952.0 591.0 1235.0 665.0 9987.0 475.0 5847.0 7793.0 8294.0 5797.0 5307.0 4927.0 5852.0 4732.0
867.0 9469.0 7088.0 8321.0 9591.0 8606.0 5913.0 436.0 7269.0 5667.0 5071.0 1090.0 3166.0 6913.0 9943.0 2813.0 8532.0 7226.0 7372.0 4692.0 1604.0 5979.0 3465.0 3396.0 4222.0 1092.0 5155.0 9002.0 9123.0 5928.0 2984.0 8579.0 8566.0 3605.0 4613.0 7008.0 3948.0 762.0 5116.0 1625.0 0.0 4408.0 79.0 1847.0 5741.0 104.0 9490.0 4846.0 5552.0 9966.0 1618.0 3107.0 3705.0 9252.0 6373.0 7182.0 62.0 6168.0 4732.0 3488.0 7263.0
8525.0 151.0 2943.0 8798.0 6843.0 3497.0 7865.0 8488.0 2553.0 1021.0 441.0 6860.0 1998.0 5833.0 7695.0 6329.0 4691.0 6903.0 5418.0 4503.0 6938.0 4482.0 4665.0 4650.0 2937.0 3132.0 9482.0 4629.0 4147.0 573.0 5001.0 802.0 2557.0 736.0 1345.0 6649.0 3846.0 9279.0 8407.0 2297.0 4408.0 0.0 3913.0 183.0 6838.0 9831.0 9988.0 9125.0 1101.0 9307.0 4710.0 6213.0 71.0 8671.0 5041.0 4016.0 1959.0 6619.0 2423.0 3682.0 1837.0
4437.0 7958.0 5871.0 5804.0 1874.0 6186.0 6564.0 6800.0 20.0 5168.0 3187.0 3457.0 165.0 2323.0 8913.0 9738.0 8118.0 8740.0 7509.0 7630.0 3117.0 3236.0 5864.0 4925.0 4800.0 4796.0 3290.0 5761.0 4866.0 7480.0 2951.0 4784.0 7640.0 6025.0 7994.0 4582.0 3815.0 3220.0 8233.0 431.0 79.0 3913.0 0.0 9434.0 5113.0 1266.0 4885.0 5734.0 1002.0 2846.0 9865.0 9036.0 4598.0 2807.0 1021.0 5849.0 1427.0 838.0 4781.0 6054.0 8598.0
4510.0 3774.0 4753.0 5072.0 4015.0 2576.0 7201.0 4720.0 8924.0 7657.0 152.0 3006.0 2326.0 1149.0 7246.0 9964.0 5463.0 5769.0 5735.0 6165.0 7776.0 939.0 7998.0 4053.0 4374.0 7715.0 3828.0 2105.0 6615.0 3069.0 6532.0 8595.0 3612.0 8236.0 1346.0 1561.0 6418.0 4409.0 7984.0 6458.0 1847.0 183.0 9434.0 0.0 4413.0 7545.0 4218.0 986.0 7420.0 4791.0 632.0 2916.0 1399.0 7807.0 9593.0 6950.0 5049.0 4320.0 4847.0 450.0 614.0
3399.0 5684.0 143.0 702.0 5360.0 6300.0 5962.0 1774.0 3596.0 6195.0 2769.0 4384.0 444.0 3433.0 8652.0 7040.0 140.0 7077.0 7774.0 7546.0 9989.0 5004.0 5175.0 6494.0 8231.0 4973.0 1738.0 1397.0 5283.0 2396.0 8131.0 653.0 1295.0 473.0 8796.0 723.0 4364.0 4347.0 982.0 5950.0 5741.0 6838.0 5113.0 4413.0 0.0 9846.0 5502.0 1320.0 8508.0 1600.0 6171.0 6994.0 1626.0 7589.0 809.0 4680.0 5062.0 6555.0 5451.0 2920.0 1246.0
292.0 8473.0 8783.0 6502.0 6930.0 8319.0 6585.0 6066.0 7004.0 7007.0 3762.0 7522.0 8584.0 4083.0 7703.0 3444.0 8859.0 3313.0 987.0 7361.0 4885.0 5508.0 7129.0 658.0 2043.0 300.0 4144.0 3434.0 7059.0 6177.0 2765.0 8330.0 7910.0 2278.0 5339.0 777.0 5510.0 4536.0 1544.0 6022.0 104.0 9831.0 1266.0 7545.0 9846.0 0.0 185.0 5596.0 7207.0 2946.0 3113.0 3335.0 8481.0 9369.0 6466.0 2652.0 2333.0 3919.0 2579.0 5012.0 3940.0
3907.0 8766.0 7730.0 1716.0 6859.0 961.0 8890.0 5858.0 1595.0 5375.0 7974.0 977.0 84.0 9018.0 5360.0 25.0 502.0 7528.0 6522.0 2139.0 6959.0 302.0 3773.0 7172.0 9869.0 9813.0 5745.0 9921.0 3878.0 8344.0 4318.0 8741.0 2275.0 5771.0 4329.0 7125.0 8616.0 5575.0 4104.0 2259.0 9490.0 9988.0 4885.0 4218.0 5502.0 185.0 0.0 3605.0 4364.0 1787.0 2985.0 6472.0 968.0 9078.0 5066.0 4488.0 4450.0 3716.0 7183.0 3993.0 8345.0
9967.0 9907.0 3668.0 6382.0 7538.0 9914.0 4814.0 8442.0 8461.0 9731.0 5701.0 2989.0 462.0 7961.0 5467.0 120.0 4553.0 5937.0 7974.0 6152.0 9644.0 6036.0 9295.0 8643.0 3929.0 2539.0 2026.0 9281.0 7360.0 956.0 8581.0 9224.0 6960.0 9343.0 1854.0 3074.0 2719.0 535.0 7589.0 1952.0 4846.0 9125.0 5734.0 986.0 1320.0 5596.0 3605.0 0.0 2388.0 3203.0 8130.0 2504.0 9253.0 7214.0 4195.0 2369.0 7029.0 8468.0 583.0 6458.0 803.0
9909.0 5631.0 6916.0 653.0 6657.0 9037.0 4856.0 8048.0 7577.0 3375.0 6923.0 2467.0 5427.0 1673.0 6046.0 1089.0 4270.0 9233.0 6332.0 7149.0 3780.0 7596.0 625.0 2951.0 9355.0 2880.0 457.0 1584.0 5041.0 1350.0 9127.0 5881.0 3245.0 5392.0 780.0 9087.0 7514.0 6541.0 355.0 591.0 5552.0 1101.0 1002.0 7420.0 8508.0 7207.0 4364.0 2388.0 0.0 1059.0 1439.0 7706.0 1210.0 5737.0 2454.0 8653.0 9862.0 8479.0 4685.0 1680.0 3989.0
7867.0 1284.0 9519.0 631.0 9713.0 2149.0 280.0 3979.0 3802.0 9293.0 4634.0 4053.0 2983.0 9876.0 920.0 9688.0 8164.0 4649.0 5961.0 4672.0 6802.0 5872.0 3648.0 9154.0 855.0 3189.0 6038.0 2978.0 5205.0 301.0 7608.0 5647.0 913.0 1170.0 1059.0 9426.0 4792.0 6403.0 6441.0 1235.0 9966.0 9307.0 2846.0 4791.0 1600.0 2946.0 1787.0 3203.0 1059.0 0.0 6606.0 3254.0 7709.0 7680.0 3139.0 9193.0 1668.0 882.0 9243.0 7815.0 5221.0
8883.0 2394.0 5220.0 6170.0 3631.0 9332.0 2793.0 4858.0 128.0 9534.0 2553.0 4226.0 7217.0 9258.0 1727.0 662.0 6057.0 1093.0 1352.0 2172.0 1022.0 4946.0 7900.0 5595.0 2354.0 8252.0 2101.0 6487.0 2954.0 6176.0 5093.0 8492.0 7580.0 7526.0 3120.0 6470.0 4962.0 8585.0 8229.0 665.0 1618.0 4710.0 9865.0 632.0 6171.0 3113.0 2985.0 8130.0 1439.0 6606.0 0.0 5624.0 5496.0 6765.0 6299.0 362.0 4049.0 7941.0 4959.0 6336.0 6679.0
4654.0 4060.0 7379.0 4603.0 3254.0 210.0 3257.0 3011.0 9801.0 9722.0 9818.0 7534.0 553.0 4265.0 9917.0 8023.0 9003.0 1483.0 5619.0 8012.0 7082.0 402.0 4984.0 9016.0 4269.0 9270.0 7554.0 2329.0 7435.0 3924.0 4031.0 6165.0 2354.0 9877.0 3104.0 7968.0 7149.0 3498.0 7567.0 9987.0 3107.0 6213.0 9036.0 2916.0 6994.0 3335.0 6472.0 2504.0 7706.0 3254.0 5624.0 0.0 2374.0 8667.0 3014.0 8928.0 6233.0 8814.0 1234.0 4641.0 7774.0
4610.0 2835.0 3002.0 6180.0 7808.0 8028.0 115.0 5812.0 1366.0 6594.0 3007.0 5698.0 9423.0 9311.0 3006.0 4776.0 8469.0 9235.0 3586.0 6070.0 5722.0 5164.0 5756.0 7319.0 8090.0 9093.0 7658.0 2858.0 7257.0 9360.0 9760.0 3799.0 4539.0 9543.0 4746.0 9646.0 1546.0 8692.0 8277.0 475.0 3705.0 71.0 4598.0 1399.0 1626.0 8481.0 968.0 9253.0 1210.0 7709.0 5496.0 2374.0 0.0 428.0 941.0 7022.0 5150.0 5873.0 4857.0 5513.0 5755.0
1482.0 8274.0 9994.0 9827.0 5221.0 8541.0 8366.0 2988.0 2837.0 4771.0 5848.0 6229.0 3966.0 1646.0 6430.0 9876.0 3788.0 3450.0 4369.0 7138.0 1895.0 1316.0 5684.0 9350.0 1031.0 7971.0 1231.0 2604.0 8832.0 1947.0 652.0 6843.0 3887.0 5869.0 6718.0 2642.0 8758.0 4307.0 2056.0 5847.0 9252.0 8671.0 2807.0 7807.0 7589.0 9369.0 9078.0 7214.0 5737.0 7680.0 6765.0 8667.0 428.0 0.0 2158.0 2672.0 4058.0 443.0 4274.0 5714.0 3463.0
1772.0 6209.0 8252.0 9798.0 3259.0 4525.0 2945.0 3951.0 5352.0 6386.0 4713.0 1457.0 5275.0 5178.0 9657.0 9360.0 3424.0 7945.0 8723.0 153.0 455.0 7993.0 1777.0 6705.0 2983.0 8349.0 5085.0 5489.0 7069.0 1425.0 1083.0 7390.0 1865.0 9570.0 6574.0 4667.0 7126.0 601.0 2170.0 7793.0 6373.0 5041.0 1021.0 9593.0 809.0 6466.0 5066.0 4195.0 2454.0 3139.0 6299.0 3014.0 941.0 2158.0 0.0 3421.0 8321.0 9113.0 2849.0 2484.0 3033.0
4186.0 9838.0 1690.0 1670.0 5888.0 6423.0 9303.0 2961.0 4416.0 3270.0 817.0 9867.0 2269.0 1140.0 7183.0 2937.0 9251.0 3906.0 3720.0 4805.0 4711.0 5212.0 2223.0 1356.0 4831.0 6340.0 2606.0 1790.0 1100.0 1185.0 6416.0 6015.0 8929.0 8850.0 7587.0 3743.0 1678.0 8441.0 2333.0 8294.0 7182.0 4016.0 5849.0 6950.0 4680.0 2652.0 4488.0 2369.0 8653.0 9193.0 362.0 8928.0 7022.0 2672.0 3421.0 0.0 5316.0 3842.0 6510.0 2381.0 1505.0
119.0 6244.0 5116.0 3465.0 1960.0 4315.0 7673.0 6688.0 2890.0 896.0 8266.0 6675.0 2673.0 3304.0 2245.0 9043.0 8164.0 2004.0 3640.0 984.0 1483.0 3918.0 3342.0 6761.0 4755.0 2782.0 2977.0 2573.0 5793.0 5668.0 4206.0 3028.0 2289.0 1851.0 7438.0 2372.0 9945.0 228.0 2097.0 5797.0 62.0 1959.0 1427.0 5049.0 5062.0 2333.0 4450.0 7029.0 9862.0 1668.0 4049.0 6233.0 5150.0 4058.0 8321.0 5316.0 0.0 9847.0 5383.0 7349.0 4319.0
2743.0 3111.0 2118.0 4084.0 5296.0 3299.0 6632.0 8760.0 3717.0 9002.0 9234.0 6510.0 1590.0 5863.0 1793.0 2272.0 7717.0 4083.0 1051.0 5513.0 1509.0 7101.0 9137.0 1681.0 7749.0 7596.0 2095.0 8131.0 8664.0 2336.0 6550.0 3764.0 8653.0 4347.0 6800.0 4064.0 6114.0 4427.0 8465.0 5307.0 6168.0 6619.0 838.0 4320.0 6555.0 3919.0 3716.0 8468.0 8479.0 882.0 7941.0 8814.0 5873.0 443.0 9113.0 3842.0 9847.0 0.0 5501.0 688.0 2193.0
2981.0 80.0 7637.0 1629.0 5787.0 4656.0 7670.0 3608.0 9497.0 661.0 7426.0 5563.0 8332.0 5468.0 6781.0 5502.0 256.0 9549.0 6164.0 8937.0 8227.0 7137.0 8913.0 9524.0 1700.0 6091.0 6402.0 5651.0 7964.0 4406.0 2708.0 9315.0 3305.0 4861.0 34.0 5332.0 6027.0 6941.0 5447.0 4927.0 4732.0 2423.0 4781.0 4847.0 5451.0 2579.0 7183.0 583.0 4685.0 9243.0 4959.0 1234.0 4857.0 4274.0 2849.0 6510.0 5383.0 5501.0 0.0 8625.0 9461.0
5567.0 7440.0 2559.0 55.0 7929.0 5483.0 6797.0 5752.0 4613.0 9540.0 1744.0 8480.0 2757.0 9052.0 9155.0 5783.0 1666.0 5337.0 7921.0 6716.0 6938.0 7963.0 7551.0 4586.0 8834.0 8722.0 6767.0 3799.0 8363.0 4124.0 9595.0 6073.0 4527.0 9562.0 2339.0 2022.0 2300.0 6565.0 6093.0 5852.0 3488.0 3682.0 6054.0 450.0 2920.0 5012.0 3993.0 6458.0 1680.0 7815.0 6336.0 4641.0 5513.0 5714.0 2484.0 2381.0 7349.0 688.0 8625.0 0.0 7227.0
8458.0 4225.0 2264.0 8301.0 3932.0 1103.0 9109.0 1200.0 1187.0 1942.0 5502.0 5378.0 3829.0 3370.0 2825.0 952.0 1624.0 5933.0 3775.0 353.0 2405.0 9369.0 7719.0 5825.0 6377.0 5273.0 4289.0 5767.0 8284.0 5246.0 3191.0 4434.0 1465.0 8253.0 6499.0 9259.0 4718.0 1461.0 3430.0 4732.0 7263.0 1837.0 8598.0 614.0 1246.0 3940.0 8345.0 803.0 3989.0 5221.0 6679.0 7774.0 5755.0 3463.0 3033.0 1505.0 4319.0 2193.0 9461.0 7227.0 0.0