56
0 1 10000 2
0.0 1622.0 2382.0 617.0 9352.0 9291.0 8715.0 8354.0 468.0 6226.0 7615.0 4659.0 3644.0 5815.0 4405.0 3399.0 3412.0 9460.0 1639.0 5747.0 4234.0 6304.0 6076.0 44.0 5821.0 7053.0 2291.0 9330.0 2388.0 6123.0 2697.0 1970.0 8371.0 2430.0 7175.0 1062.0 5074.0 6351.0 6356.0 2673.0 6522.0 8410.0 1343.0 6182.0 1185.0 1377.0 3078.0 1524.0 5316.0 8278.0 2006.0 8398.0 436.0 2316.0 7062.0 6891.0
1622.0 0.0 582.0 5417.0 4652.0 7143.0 648.0 338.0 8372.0 4699.0 7473.0 2386.0 8422.0 4966.0 3777.0 309.0 2978.0 3200.0 4307.0 8617.0 2205.0 302.0 2864.0 2066.0 5534.0 822.0 3144.0 4499.0 6633.0 3046.0 5501.0 7203.0 6612.0 5759.0 3248.0 8105.0 5998.0 5728.0 2443.0 2240.0 8045.0 9331.0 604.0 7531.0 6650.0 4419.0 4335.0 5907.0 6833.0 2363.0 9065.0 9787.0 8272.0 3545.0 9393.0 6998.0
2382.0 582.0 0.0 4928.0 5716.0 590.0 3572.0 2602.0 8710.0 4324.0 3755.0 3566.0 1713.0 2541.0 7941.0 6241.0 2563.0 986.0 5028.0 3689.0 6568.0 8193.0 2978.0 5471.0 5500.0 9615.0 375.0 6791.0 3605.0 3283.0 8175.0 6046.0 6290.0 7851.0 4438.0 9256.0 7290.0 4260.0 6481.0 7314.0 5170.0 7013.0 470.0 1913.0 236.0 6117.0 2783.0 4310.0 868.0 5754.0 4683.0 5836.0 6356.0 1759.0 1950.0 5199.0
617.0 5417.0 4928.0 0.0 2055.0 7548.0 3896.0 4762.0 4174.0 7001.0 4169.0 4712.0 4624.0 8998.0 971.0 3719.0 9777.0 9127.0 3158.0 9794.0 9120.0 9694.0 5001.0 3678.0 1405.0 3439.0 8746.0 9678.0 3047.0 6576.0 4322.0 7301.0 1538.0 8863.0 4985.0 4985.0 1975.0 2854.0 3891.0 4976.0 1202.0 8713.0 2675.0 5712.0 1906.0 2155.0 5025.0 453.0 4975.0 6568.0 2943.0 1954.0 3335.0 6115.0 8474.0 7125.0
9352.0 4652.0 5716.0 2055.0 0.0 9331.0 5235.0 8320.0 7828.0 9790.0 9139.0 1708.0 6893.0 1989.0 5224.0 2811.0 6663.0 3083.0 1663.0 26.0 7599.0 3294.0 1266.0 1935.0 8403.0 1451.0 5764.0 1647.0 3927.0 4929.0 3838.0 1499.0 5792.0 2732.0 782.0 7206.0 5514.0 5179.0 2539.0 6159.0 4586.0 3889.0 5995.0 8803.0 999.0 9212.0 6464.0 5329.0 856.0 4514.0 5843.0 1662.0 9714.0 9734.0 5504.0 9815.0
9291.0 7143.0 590.0 7548.0 9331.0 0.0 3067.0 5173.0 8402.0 9873.0 6953.0 9956.0 349.0 4966.0 4027.0 7317.0 6479.0 2784.0 9725.0 7675.0 9475.0 2644.0 905.0 961.0 7750.0 3171.0 4207.0 8586.0 6688.0 1310.0 4601.0 7864.0 8630.0 2787.0 8131.0 3604.0 3823.0 6720.0 9386.0 9259.0 5821.0 2465.0 3260.0 6851.0 4276.0 4682.0 21.0 2944.0 7954.0 8620.0 2802.0 8940.0 1174.0 1710.0 4003.0 7851.0
8715.0 648.0 3572.0 3896.0 5235.0 3067.0 0.0 653.0 6388.0 587.0 711.0 9793.0 7346.0 348.0 8551.0 6207.0 3977.0 7844.0 4752.0 6004.0 9278.0 4057.0 7028.0 2396.0 147.0 2695.0 4830.0 9606.0 6857.0 996.0 1688.0 3484.0 1102.0 6291.0 4844.0 9342.0 261.0 7851.0 7385.0 6420.0 1914.0 9047.0 6334.0 1333.0 2053.0 4438.0 7882.0 6012.0 7733.0 9705.0 2359.0 4576.0 4424.0 4576.0 2375.0 3626.0
8354.0 338.0 2602.0 4762.0 8320.0 5173.0 653.0 0.0 3420.0 6829.0 9530.0 9658.0 2473.0 9022.0 2325.0 3494.0 6439.0 8037.0 9981.0 374.0 7404.0 4375.0 7121.0 3235.0 3749.0 7103.0 5843.0 3498.0 4228.0 2804.0 3861.0 9067.0 2022.0 4565.0 9316.0 2630.0 2632.0 6255.0 2912.0 2928.0 6368.0 1172.0 4488.0 5913.0 1201.0 9914.0 4375.0 7466.0 7327.0 2455.0 6666.0 5559.0 9522.0 6143.0 9072.0 4647.0
468.0 8372.0 8710.0 4174.0 7828.0 8402.0 6388.0 3420.0 0.0 2935.0 7217.0 1509.0 52.0 8221.0 283.0 6156.0 4263.0 3637.0 2207.0 7962.0 6046.0 1419.0 259.0 9879.0 8523.0 5552.0 555.0 1782.0 6773.0 9212.0 1486.0 9528.0 130.0 9588.0 1698.0 6545.0 311.0 8412.0 9532.0 3093.0 8055.0 421.0 6414.0 7115.0 9323.0 8601.0 4315.0 2149.0 2316.0 3556.0 2622.0 7349.0 3214.0 8064.0 5742.0 1500.0
6226.0 4699.0 4324.0 7001.0 9790.0 9873.0 587.0 6829.0 2935.0 0.0 6601.0 6137.0 2075.0 2012.0 5681.0 9648.0 1956.0 5271.0 2495.0 2066.0 2799.0 7918.0 9628.0 3250.0 7616.0 3881.0 1897.0 768.0 8204.0 5912.0 4707.0 6640.0 4356.0 9288.0 9580.0 1016.0 4033.0 7135.0 5123.0 8895.0 7837.0 9013.0 2762.0 2298.0 2833.0 8787.0 1007.0 6679.0 6762.0 1045.0 4935.0 8908.0 5043.0 8180.0 3008.0 6928.0
7615.0 7473.0 3755.0 4169.0 9139.0 6953.0 711.0 9530.0 7217.0 6601.0 0.0 7288.0 5881.0 5450.0 9648.0 707.0 1981.0 6901.0 8579.0 5991.0 472.0 5370.0 6778.0 1149.0 8455.0 9242.0 3770.0 2376.0 1422.0 537.0 7305.0 7653.0 8394.0 3160.0 7033.0 2269.0 5342.0 5227.0 5274.0 7263.0 3233.0 6654.0 3568.0 6416.0 9152.0 484.0 4543.0 6186.0 6345.0 4417.0 9457.0 3306.0 6078.0 2444.0 3817.0 4273.0
4659.0 2386.0 3566.0 4712.0 1708.0 9956.0 9793.0 9658.0 1509.0 6137.0 7288.0 0.0 2842.0 4411.0 708.0 4045.0 4711.0 6935.0 7022.0 291.0 3769.0 2208.0 384.0 5004.0 9099.0 4306.0 1204.0 5456.0 9080.0 1957.0 6153.0 3598.0 2728.0 8681.0 5153.0 3296.0 6201.0 2475.0 4773.0 5226.0 1520.0 2516.0 9741.0 6064.0 1699.0 4359.0 7702.0 6655.0 5701.0 3304.0 4739.0 510.0 8723.0 2504.0 4939.0 9471.0
3644.0 8422.0 1713.0 4624.0 6893.0 349.0 7346.0 2473.0 52.0 2075.0 5881.0 2842.0 0.0 3473.0 2014.0 4914.0 313.0 2536.0 722.0 7265.0 643.0 5570.0 3277.0 7247.0 2472.0 9864.0 8487.0 7962.0 442.0 9302.0 8021.0 3998.0 782.0 8996.0 2649.0 3742.0 9138.0 2271.0 9822.0 1240.0 4115.0 2728.0 5661.0 7243.0 8613.0 7587.0 5264.0 1163.0 8466.0 5249.0 2088.0 5646.0 9552.0 4702.0 6764.0 4614.0
5815.0 4966.0 2541.0 8998.0 1989.0 4966.0 348.0 9022.0 8221.0 2012.0 5450.0 4411.0 3473.0 0.0 2222.0 5599.0 9394.0 5977.0 8494.0 9446.0 9060.0 4700.0 8696.0 8459.0 8066.0 3914.0 1718.0 1328.0 7118.0 9669.0 6328.0 2788.0 9990.0 7625.0 2647.0 7735.0 7651.0 9240.0 1831.0 6159.0 2098.0 5309.0 6169.0 828.0 2517.0 7251.0 3600.0 1266.0 1782.0 1088.0 2713.0 7908.0 8501.0 6673.0 1284.0 8441.0
4405.0 3777.0 7941.0 971.0 5224.0 4027.0 8551.0 2325.0 283.0 5681.0 9648.0 708.0 2014.0 2222.0 0.0 3762.0 5021.0 9321.0 9615.0 3493.0 7052.0 4135.0 4156.0 9103.0 3491.0 2634.0 2388.0 903.0 9102.0 889.0 3254.0 6013.0 1023.0 2246.0 6735.0 9312.0 1079.0 1871.0 8104.0 7315.0 3053.0 786.0 8824.0 4195.0 7405.0 4897.0 4484.0 6722.0 1252.0 5176.0 7147.0 9507.0 7422.0 327.0 6908.0 2911.0
3399.0 309.0 6241.0 3719.0 2811.0 7317.0 6207.0 3494.0 6156.0 9648.0 707.0 4045.0 4914.0 5599.0 3762.0 0.0 6594.0 8140.0 3995.0 628.0 6770.0 7741.0 5718.0 3863.0 874.0 3956.0 8581.0 8797.0 1033.0 3235.0 3978.0 1503.0 3009.0 752.0 6002.0 7559.0 9510.0 142.0 1546.0 1509.0 7149.0 1727.0 9695.0 8689.0 9375.0 35.0 1514.0 661.0 5020.0 5774.0 3613.0 7830.0 9315.0 961.0 1708.0 5203.0
3412.0 2978.0 2563.0 9777.0 6663.0 6479.0 3977.0 6439.0 4263.0 1956.0 1981.0 4711.0 313.0 9394.0 5021.0 6594.0 0.0 1473.0 5543.0 6739.0 6804.0 4281.0 1891.0 4504.0 7576.0 3216.0 5540.0 6248.0 1187.0 6048.0 133.0 8461.0 2594.0 6897.0 8323.0 6165.0 8043.0 9506.0 6277.0 5106.0 3674.0 5025.0 6997.0 5955.0 9697.0 1542.0 9345.0 8872.0 8208.0 3579.0 1870.0 5804.0 2972.0 6587.0 6431.0 5889.0
9460.0 3200.0 986.0 9127.0 3083.0 2784.0 7844.0 8037.0 3637.0 5271.0 6901.0 6935.0 2536.0 5977.0 9321.0 8140.0 1473.0 0.0 4257.0 1182.0 211.0 2792.0 9391.0 5483.0 3051.0 8215.0 6592.0 6721.0 655.0 1630.0 6979.0 8946.0 443.0 1771.0 4882.0 7150.0 9775.0 160.0 487.0 1335.0 4771.0 942.0 9102.0 4133.0 2004.0 3351.0 4176.0 3172.0 670.0 7172.0 1049.0 8297.0 7745.0 5020.0 78.0 6903.0
1639.0 4307.0 5028.0 3158.0 1663.0 9725.0 4752.0 9981.0 2207.0 2495.0 8579.0 7022.0 722.0 8494.0 9615.0 3995.0 5543.0 4257.0 0.0 2168.0 7772.0 1416.0 6639.0 539.0 796.0 5288.0 924.0 6414.0 3881.0 5136.0 1393.0 5715.0 1707.0 8316.0 4340.0 9434.0 1657.0 338.0 6130.0 2956.0 9379.0 4381.0 7080.0 5516.0 3647.0 9613.0 5708.0 6376.0 8690.0 333.0 4909.0 2140.0 540.0 1744.0 6223.0 6829.0
5747.0 8617.0 3689.0 9794.0 26.0 7675.0 6004.0 374.0 7962.0 2066.0 5991.0 291.0 7265.0 9446.0 3493.0 628.0 6739.0 1182.0 2168.0 0.0 9163.0 7458.0 2008.0 6161.0 2761.0 3397.0 4419.0 625.0 5923.0 7241.0 7564.0 4648.0 7696.0 7650.0 6226.0 9207.0 6389.0 8800.0 9739.0 5758.0 4482.0 686.0 3267.0 4118.0 1325.0 6221.0 3984.0 7691.0 5070.0 1814.0 4505.0 3246.0 3100.0 2313.0 1783.0 9156.0
4234.0 2205.0 6568.0 9120.0 7599.0 9475.0 9278.0 7404.0 6046.0 2799.0 472.0 3769.0 643.0 9060.0 7052.0 6770.0 6804.0 211.0 7772.0 9163.0 0.0 1998.0 1675.0 6041.0 4127.0 4728.0 1579.0 5086.0 8087.0 5550.0 827.0 5489.0 4014.0 6945.0 329.0 639.0 9941.0 8595.0 7810.0 4138.0 7167.0 1860.0 1563.0 6237.0 7568.0 1710.0 8358.0 2151.0 47.0 654.0 9760.0 9995.0 9415.0 7184.0 4842.0 7370.0
6304.0 302.0 8193.0 9694.0 3294.0 2644.0 4057.0 4375.0 1419.0 7918.0 5370.0 2208.0 5570.0 4700.0 4135.0 7741.0 4281.0 2792.0 1416.0 7458.0 1998.0 0.0 1608.0 1771.0 3741.0 8638.0 7257.0 5889.0 2073.0 3765.0 6171.0 9628.0 4969.0 8783.0 5894.0 7626.0 5370.0 6512.0 9946.0 9907.0 8646.0 659.0 7369.0 215.0 5730.0 2828.0 4422.0 281.0 8659.0 1227.0 135.0 9607.0 2931.0 1833.0 3222.0 3333.0
6076.0 2864.0 2978.0 5001.0 1266.0 905.0 7028.0 7121.0 259.0 9628.0 6778.0 384.0 3277.0 8696.0 4156.0 5718.0 1891.0 9391.0 6639.0 2008.0 1675.0 1608.0 0.0 9459.0 434.0 7674.0 5970.0 9839.0 5627.0 7842.0 6665.0 3323.0 9054.0 8770.0 3773.0 7571.0 4134.0 2510.0 568.0 6194.0 8924.0 179.0 9902.0 7557.0 3057.0 6560.0 5530.0 7493.0 5313.0 6854.0 9783.0 8740.0 2779.0 7841.0 2742.0 1864.0
44.0 2066.0 5471.0 3678.0 1935.0 961.0 2396.0 3235.0 9879.0 3250.0 1149.0 5004.0 7247.0 8459.0 9103.0 3863.0 4504.0 5483.0 539.0 6161.0 6041.0 1771.0 9459.0 0.0 999.0 2272.0 2391.0 358.0 8630.0 6723.0 2177.0 9061.0 249.0 124.0 166.0 8009.0 223.0 7640.0 4011.0 8944.0 3321.0 3897.0 7061.0 3040.0 96.0 3154.0 1768.0 4055.0 4899.0 3088.0 7096.0 2964.0 5596.0 1345.0 7207.0 1566.0
5821.0 5534.0 5500.0 1405.0 8403.0 7750.0 147.0 3749.0 8523.0 7616.0 8455.0 9099.0 2472.0 8066.0 3491.0 874.0 7576.0 3051.0 796.0 2761.0 4127.0 3741.0 434.0 999.0 0.0 22.0 5101.0 3371.0 847.0 1288.0 8014.0 9567.0 8946.0 1253.0 5137.0 9920.0 8110.0 6128.0 772.0 1239.0 5116.0 9832.0 5265.0 3911.0 1124.0 2368.0 6700.0 7889.0 3386.0 8061.0 7431.0 8512.0 6579.0 1354.0 5538.0 4276.0
7053.0 822.0 9615.0 3439.0 1451.0 3171.0 2695.0 7103.0 5552.0 3881.0 9242.0 4306.0 9864.0 3914.0 2634.0 3956.0 3216.0 8215.0 5288.0 3397.0 4728.0 8638.0 7674.0 2272.0 22.0 0.0 7621.0 3822.0 2107.0 1381.0 587.0 1499.0 1003.0 2982.0 5836.0 7697.0 4788.0 9368.0 5822.0 5651.0 2238.0 2870.0 7789.0 3398.0 6756.0 1453.0 8973.0 7878.0 9960.0 6390.0 294.0 580.0 1482.0 2870.0 3963.0 2192.0
2291.0 3144.0 375.0 8746.0 5764.0 4207.0 4830.0 5843.0 555.0 1897.0 3770.0 1204.0 8487.0 1718.0 2388.0 8581.0 5540.0 6592.0 924.0 4419.0 1579.0 7257.0 5970.0 2391.0 5101.0 7621.0 0.0 1767.0 8382.0 2646.0 6433.0 5641.0 5525.0 885.0 4701.0 6353.0 3996.0 8767.0 9994.0 3315.0 3468.0 7576.0 3803.0 2736.0 9841.0 8696.0 2484.0 7179.0 4582.0 7954.0 3436.0 5841.0 3168.0 6079.0 7263.0 6835.0
9330.0 4499.0 6791.0 9678.0 1647.0 8586.0 9606.0 3498.0 1782.0 768.0 2376.0 5456.0 7962.0 1328.0 903.0 8797.0 6248.0 6721.0 6414.0 625.0 5086.0 5889.0 9839.0 358.0 3371.0 3822.0 1767.0 0.0 1505.0 8850.0 9368.0 3408.0 2075.0 6743.0 1703.0 9183.0 9124.0 6742.0 7880.0 4653.0 4186.0 4046.0 2191.0 2740.0 2049.0 2176.0 9967.0 9143.0 2560.0 7566.0 3065.0 3641.0 8196.0 2045.0 7396.0 8620.0
2388.0 6633.0 3605.0 3047.0 3927.0 6688.0 6857.0 4228.0 6773.0 8204.0 1422.0 9080.0 442.0 7118.0 9102.0 1033.0 1187.0 655.0 3881.0 5923.0 8087.0 2073.0 5627.0 8630.0 847.0 2107.0 8382.0 1505.0 0.0 9267.0 201.0 4732.0 4680.0 9145.0 120.0 1854.0 8880.0 6521.0 1377.0 8347.0 6430.0 6456.0 9662.0 8430.0 2180.0 6763.0 3611.0 1931.0 4468.0 3644.0 6990.0 1112.0 4664.0 917.0 6952.0 9064.0
6123.0 3046.0 3283.0 6576.0 4929.0 1310.0 996.0 2804.0 9212.0 5912.0 537.0 1957.0 9302.0 9669.0 889.0 3235.0 6048.0 1630.0 5136.0 7241.0 5550.0 3765.0 7842.0 6723.0 1288.0 1381.0 2646.0 8850.0 9267.0 0.0 5203.0 4287.0 5171.0 9323.0 7887.0 7807.0 103.0 2702.0 7551.0 1835.0 8015.0 9375.0 5804.0 3779.0 4919.0 8062.0 748.0 1805.0 7273.0 704.0 2379.0 9085.0 5624.0 9972.0 6747.0 87.0
2697.0 5501.0 8175.0 4322.0 3838.0 4601.0 1688.0 3861.0 1486.0 4707.0 7305.0 6153.0 8021.0 6328.0 3254.0 3978.0 133.0 6979.0 1393.0 7564.0 827.0 6171.0 6665.0 2177.0 8014.0 587.0 6433.0 9368.0 201.0 5203.0 0.0 1654.0 4195.0 1305.0 6963.0 6881.0 2946.0 1314.0 8143.0 4502.0 8538.0 2997.0 8087.0 6563.0 6908.0 7765.0 372.0 7284.0 8611.0 8850.0 5041.0 7401.0 696.0 1609.0 2570.0 376.0
1970.0 7203.0 6046.0 7301.0 1499.0 7864.0 3484.0 9067.0 9528.0 6640.0 7653.0 3598.0 3998.0 2788.0 6013.0 1503.0 8461.0 8946.0 5715.0 4648.0 5489.0 9628.0 3323.0 9061.0 9567.0 1499.0 5641.0 3408.0 4732.0 4287.0 1654.0 0.0 3591.0 1226.0 20.0 2523.0 3167.0 9465.0 2353.0 7102.0 7749.0 1781.0 9746.0 1796.0 1900.0 4681.0 8020.0 1074.0 4669.0 529.0 1011.0 4069.0 2603.0 3789.0 7474.0 8189.0
8371.0 6612.0 6290.0 1538.0 5792.0 8630.0 1102.0 2022.0 130.0 4356.0 8394.0 2728.0 782.0 9990.0 1023.0 3009.0 2594.0 443.0 1707.0 7696.0 4014.0 4969.0 9054.0 249.0 8946.0 1003.0 5525.0 2075.0 4680.0 5171.0 4195.0 3591.0 0.0 3949.0 3812.0 1129.0 9861.0 7093.0 8131.0 7796.0 1752.0 385.0 9013.0 8611.0 9206.0 2514.0 6700.0 1653.0 4865.0 520.0 7781.0 4081.0 2097.0 5120.0 9918.0 4173.0
2430.0 5759.0 7851.0 8863.0 2732.0 2787.0 6291.0 4565.0 9588.0 9288.0 3160.0 8681.0 8996.0 7625.0 2246.0 752.0 6897.0 1771.0 8316.0 7650.0 6945.0 8783.0 8770.0 124.0 1253.0 2982.0 885.0 6743.0 9145.0 9323.0 1305.0 1226.0 3949.0 0.0 6707.0 8697.0 6785.0 1003.0 4449.0 1454.0 6255.0 3887.0 3038.0 7095.0 3761.0 8370.0 2122.0 3232.0 5894.0 5585.0 4164.0 3219.0 5414.0 324.0 2265.0 5970.0
7175.0 3248.0 4438.0 4985.0 782.0 8131.0 4844.0 9316.0 1698.0 9580.0 7033.0 5153.0 2649.0 2647.0 6735.0 6002.0 8323.0 4882.0 4340.0 6226.0 329.0 5894.0 3773.0 166.0 5137.0 5836.0 4701.0 1703.0 120.0 7887.0 6963.0 20.0 3812.0 6707.0 0.0 1071.0 208.0 4121.0 604.0 4781.0 8297.0 3238.0 2771.0 5842.0 6431.0 1795.0 9091.0 5911.0 8997.0 338.0 7670.0 7657.0 4234.0 4835.0 2905.0 2352.0
1062.0 8105.0 9256.0 4985.0 7206.0 3604.0 9342.0 2630.0 6545.0 1016.0 2269.0 3296.0 3742.0 7735.0 9312.0 7559.0 6165.0 7150.0 9434.0 9207.0 639.0 7626.0 7571.0 8009.0 9920.0 7697.0 6353.0 9183.0 1854.0 7807.0 6881.0 2523.0 1129.0 8697.0 1071.0 0.0 5537.0 887.0 7128.0 4895.0 6022.0 2579.0 7575.0 3247.0 7133.0 9453.0 1570.0 8678.0 592.0 8548.0 725.0 8700.0 5546.0 6712.0 1550.0 8472.0
5074.0 5998.0 7290.0 1975.0 5514.0 3823.0 261.0 2632.0 311.0 4033.0 5342.0 6201.0 9138.0 7651.0 1079.0 9510.0 8043.0 9775.0 1657.0 6389.0 9941.0 5370.0 4134.0 223.0 8110.0 4788.0 3996.0 9124.0 8880.0 103.0 2946.0 3167.0 9861.0 6785.0 208.0 5537.0 0.0 8202.0 1985.0 1404.0 9594.0 8889.0 584.0 1626.0 1873.0 9524.0 9904.0 6690.0 492.0 6502.0 2720.0 5556.0 6327.0 8786.0 3360.0 9250.0
6351.0 5728.0 4260.0 2854.0 5179.0 6720.0 7851.0 6255.0 8412.0 7135.0 5227.0 2475.0 2271.0 9240.0 1871.0 142.0 9506.0 160.0 338.0 8800.0 8595.0 6512.0 2510.0 7640.0 6128.0 9368.0 8767.0 6742.0 6521.0 2702.0 1314.0 9465.0 7093.0 1003.0 4121.0 887.0 8202.0 0.0 6584.0 5359.0 8336.0 9707.0 5735.0 7695.0 3366.0 9555.0 784.0 3106.0 941.0 3348.0 2720.0 8032.0 2385.0 2923.0 5624.0 4001.0
6356.0 2443.0 6481.0 3891.0 2539.0 9386.0 7385.0 2912.0 9532.0 5123.0 5274.0 4773.0 9822.0 1831.0 8104.0 1546.0 6277.0 487.0 6130.0 9739.0 7810.0 9946.0 568.0 4011.0 772.0 5822.0 9994.0 7880.0 1377.0 7551.0 8143.0 2353.0 8131.0 4449.0 604.0 7128.0 1985.0 6584.0 0.0 7897.0 6858.0 6698.0 3296.0 2479.0 6240.0 1785.0 4752.0 2492.0 3554.0 9992.0 5383.0 1653.0 5183.0 5666.0 8625.0 2692.0
2673.0 2240.0 7314.0 4976.0 6159.0 9259.0 6420.0 2928.0 3093.0 8895.0 7263.0 5226.0 1240.0 6159.0 7315.0 1509.0 5106.0 1335.0 2956.0 5758.0 4138.0 9907.0 6194.0 8944.0 1239.0 5651.0 3315.0 4653.0 8347.0 1835.0 4502.0 7102.0 7796.0 1454.0 4781.0 4895.0 1404.0 5359.0 7897.0 0.0 2880.0 2641.0 9118.0 8832.0 1996.0 5188.0 8926.0 9247.0 2823.0 6076.0 2774.0 3111.0 3267.0 5492.0 7703.0 967.0
6522.0 8045.0 5170.0 1202.0 4586.0 5821.0 1914.0 6368.0 8055.0 7837.0 3233.0 1520.0 4115.0 2098.0 3053.0 7149.0 3674.0 4771.0 9379.0 4482.0 7167.0 8646.0 8924.0 3321.0 5116.0 2238.0 3468.0 4186.0 6430.0 8015.0 8538.0 7749.0 1752.0 6255.0 8297.0 6022.0 9594.0 8336.0 6858.0 2880.0 0.0 7886.0 2383.0 5275.0 2691.0 3044.0 8987.0 814.0 8905.0 4169.0 7712.0 674.0 1040.0 896.0 304.0 1039.0
8410.0 9331.0 7013.0 8713.0 3889.0 2465.0 9047.0 1172.0 421.0 9013.0 6654.0 2516.0 2728.0 5309.0 786.0 1727.0 5025.0 942.0 4381.0 686.0 1860.0 659.0 179.0 3897.0 9832.0 2870.0 7576.0 4046.0 6456.0 9375.0 2997.0 1781.0 385.0 3887.0 3238.0 2579.0 8889.0 9707.0 6698.0 2641.0 7886.0 0.0 7862.0 7887.0 7153.0 1424.0 3294.0 2887.0 3423.0 3748.0 6199.0 6523.0 1179.0 3637.0 6043.0 5503.0
1343.0 604.0 470.0 2675.0 5995.0 3260.0 6334.0 4488.0 6414.0 2762.0 3568.0 9741.0 5661.0 6169.0 8824.0 9695.0 6997.0 9102.0 7080.0 3267.0 1563.0 7369.0 9902.0 7061.0 5265.0 7789.0 3803.0 2191.0 9662.0 5804.0 8087.0 9746.0 9013.0 3038.0 2771.0 7575.0 584.0 5735.0 3296.0 9118.0 2383.0 7862.0 0.0 4954.0 3067.0 4000.0 792.0 8319.0 3829.0 2841.0 4762.0 793.0 2560.0 177.0 3576.0 67.0
6182.0 7531.0 1913.0 5712.0 8803.0 6851.0 1333.0 5913.0 7115.0 2298.0 6416.0 6064.0 7243.0 828.0 4195.0 8689.0 5955.0 4133.0 5516.0 4118.0 6237.0 215.0 7557.0 3040.0 3911.0 3398.0 2736.0 2740.0 8430.0 3779.0 6563.0 1796.0 8611.0 7095.0 5842.0 3247.0 1626.0 7695.0 2479.0 8832.0 5275.0 7887.0 4954.0 0.0 2683.0 3717.0 3533.0 1233.0 6998.0 3980.0 2475.0 155.0 384.0 9807.0 5761.0 8038.0
1185.0 6650.0 236.0 1906.0 999.0 4276.0 2053.0 1201.0 9323.0 2833.0 9152.0 1699.0 8613.0 2517.0 7405.0 9375.0 9697.0 2004.0 3647.0 1325.0 7568.0 5730.0 3057.0 96.0 1124.0 6756.0 9841.0 2049.0 2180.0 4919.0 6908.0 1900.0 9206.0 3761.0 6431.0 7133.0 1873.0 3366.0 6240.0 1996.0 2691.0 7153.0 3067.0 2683.0 0.0 4183.0 6263.0 2007.0 845.0 7412.0 7509.0 6927.0 590.0 5851.0 5595.0 4419.0
1377.0 4419.0 6117.0 2155.0 9212.0 4682.0 4438.0 9914.0 8601.0 8787.0 484.0 4359.0 7587.0 7251.0 4897.0 35.0 1542.0 3351.0 9613.0 6221.0 1710.0 2828.0 6560.0 3154.0 2368.0 1453.0 8696.0 2176.0 6763.0 8062.0 7765.0 4681.0 2514.0 8370.0 1795.0 9453.0 9524.0 9555.0 1785.0 5188.0 3044.0 1424.0 4000.0 3717.0 4183.0 0.0 9734.0 3030.0 6830.0 3482.0 3335.0 9363.0 5026.0 2162.0 3820.0 3814.0
3078.0 4335.0 2783.0 5025.0 6464.0 21.0 7882.0 4375.0 4315.0 1007.0 4543.0 7702.0 5264.0 3600.0 4484.0 1514.0 9345.0 4176.0 5708.0 3984.0 8358.0 4422.0 5530.0 1768.0 6700.0 8973.0 2484.0 9967.0 3611.0 748.0 372.0 8020.0 6700.0 2122.0 9091.0 1570.0 9904.0 784.0 4752.0 8926.0 8987.0 3294.0 792.0 3533.0 6263.0 9734.0 0.0 6628.0 6918.0 6353.0 6126.0 4567.0 8244.0 4880.0 9706.0 2685.0
1524.0 5907.0 4310.0 453.0 5329.0 2944.0 6012.0 7466.0 2149.0 6679.0 6186.0 6655.0 1163.0 1266.0 6722.0 661.0 8872.0 3172.0 6376.0 7691.0 2151.0 281.0 7493.0 4055.0 7889.0 7878.0 7179.0 9143.0 1931.0 1805.0 7284.0 1074.0 1653.0 3232.0 5911.0 8678.0 6690.0 3106.0 2492.0 9247.0 814.0 2887.0 8319.0 1233.0 2007.0 3030.0 6628.0 0.0 6785.0 9511.0 5753.0 7110.0 5674.0 5164.0 6478.0 4105.0
5316.0 6833.0 868.0 4975.0 856.0 7954.0 7733.0 7327.0 2316.0 6762.0 6345.0 5701.0 8466.0 1782.0 1252.0 5020.0 8208.0 670.0 8690.0 5070.0 47.0 8659.0 5313.0 4899.0 3386.0 9960.0 4582.0 2560.0 4468.0 7273.0 8611.0 4669.0 4865.0 5894.0 8997.0 592.0 492.0 941.0 3554.0 2823.0 8905.0 3423.0 3829.0 6998.0 845.0 6830.0 6918.0 6785.0 0.0 6273.0 2227.0 6957.0 8392.0 9208.0 5588.0 4172.0
8278.0 2363.0 5754.0 6568.0 4514.0 8620.0 9705.0 2455.0 3556.0 1045.0 4417.0 3304.0 5249.0 1088.0 5176.0 5774.0 3579.0 7172.0 333.0 1814.0 654.0 1227.0 6854.0 3088.0 8061.0 6390.0 7954.0 7566.0 3644.0 704.0 8850.0 529.0 520.0 5585.0 338.0 8548.0 6502.0 3348.0 9992.0 6076.0 4169.0 3748.0 2841.0 3980.0 7412.0 3482.0 6353.0 9511.0 6273.0 0.0 2845.0 6021.0 210.0 7291.0 3489.0 6008.0
2006.0 9065.0 4683.0 2943.0 5843.0 2802.0 2359.0 6666.0 2622.0 4935.0 9457.0 4739.0 2088.0 2713.0 7147.0 3613.0 1870.0 1049.0 4909.0 4505.0 9760.0 135.0 9783.0 7096.0 7431.0 294.0 3436.0 3065.0 6990.0 2379.0 5041.0 1011.0 7781.0 4164.0 7670.0 725.0 2720.0 2720.0 5383.0 2774.0 7712.0 6199.0 4762.0 2475.0 7509.0 3335.0 6126.0 5753.0 2227.0 2845.0 0.0 5139.0 7777.0 5408.0 5851.0 5489.0
8398.0 9787.0 5836.0 1954.0 1662.0 8940.0 4576.0 5559.0 7349.0 8908.0 3306.0 510.0 5646.0 7908.0 9507.0 7830.0 5804.0 8297.0 2140.0 3246.0 9995.0 9607.0 8740.0 2964.0 8512.0 580.0 5841.0 3641.0 1112.0 9085.0 7401.0 4069.0 4081.0 3219.0 7657.0 8700.0 5556.0 8032.0 1653.0 3111.0 674.0 6523.0 793.0 155.0 6927.0 9363.0 4567.0 7110.0 6957.0 6021.0 5139.0 0.0 1476.0 9890.0 3363.0 4240.0
436.0 8272.0 6356.0 3335.0 9714.0 1174.0 4424.0 9522.0 3214.0 5043.0 6078.0 8723.0 9552.0 8501.0 7422.0 9315.0 2972.0 7745.0 540.0 3100.0 9415.0 2931.0 2779.0 5596.0 6579.0 1482.0 3168.0 8196.0 4664.0 5624.0 696.0 2603.0 2097.0 5414.0 4234.0 5546.0 6327.0 2385.0 5183.0 3267.0 1040.0 1179.0 2560.0 384.0 590.0 5026.0 8244.0 5674.0 8392.0 210.0 7777.0 1476.0 0.0 5294.0 310.0 990.0
2316.0 3545.0 1759.0 6115.0 9734.0 1710.0 4576.0 6143.0 8064.0 8180.0 2444.0 2504.0 4702.0 6673.0 327.0 961.0 6587.0 5020.0 1744.0 2313.0 7184.0 1833.0 7841.0 1345.0 1354.0 2870.0 6079.0 2045.0 917.0 9972.0 1609.0 3789.0 5120.0 324.0 4835.0 6712.0 8786.0 2923.0 5666.0 5492.0 896.0 3637.0 177.0 9807.0 5851.0 2162.0 4880.0 5164.0 9208.0 7291.0 5408.0 9890.0 5294.0 0.0 1531.0 2605.0
7062.0 9393.0 1950.0 8474.0 5504.0 4003.0 2375.0 9072.0 5742.0 3008.0 3817.0 4939.0 6764.0 1284.0 6908.0 1708.0 6431.0 78.0 6223.0 1783.0 4842.0 3222.0 2742.0 7207.0 5538.0 3963.0 7263.0 7396.0 6952.0 6747.0 2570.0 7474.0 9918.0 2265.0 2905.0 1550.0 3360.0 5624.0 8625.0 7703.0 304.0 6043.0 3576.0 5761.0 5595.0 3820.0 9706.0 6478.0 5588.0 3489.0 5851.0 3363.0 310.0 1531.0 0.0 7286.0
6891.0 6998.0 5199.0 7125.0 9815.0 7851.0 3626.0 4647.0 1500.0 6928.0 4273.0 9471.0 4614.0 8441.0 2911.0 5203.0 5889.0 6903.0 6829.0 9156.0 7370.0 3333.0 1864.0 1566.0 4276.0 2192.0 6835.0 8620.0 9064.0 87.0 376.0 8189.0 4173.0 5970.0 2352.0 8472.0 9250.0 4001.0 2692.0 967.0 1039.0 5503.0 67.0 8038.0 4419.0 3814.0 2685.0 4105.0 4172.0 6008.0 5489.0 4240.0 990.0 2605.0 7286.0 0.0